1024
0.00000  0.00000  0.00000
0.00098  0.00098  0.00098
0.00195  0.00195  0.00195
0.00293  0.00293  0.00293
0.00391  0.00391  0.00391
0.00489  0.00489  0.00489
0.00587  0.00587  0.00587
0.00685  0.00685  0.00685
0.00782  0.00782  0.00782
0.00875  0.00875  0.00875
0.00968  0.00968  0.00968
0.01057  0.01057  0.01057
0.01172  0.01172  0.01172
0.01269  0.01269  0.01269
0.01367  0.01367  0.01367
0.01466  0.01466  0.01466
0.01564  0.01564  0.01564
0.01662  0.01662  0.01662
0.01760  0.01760  0.01760
0.01858  0.01858  0.01858
0.01955  0.01955  0.01955
0.02053  0.02053  0.02053
0.02151  0.02151  0.02151
0.02248  0.02248  0.02248
0.02346  0.02346  0.02346
0.02444  0.02444  0.02444
0.02542  0.02542  0.02542
0.02639  0.02639  0.02639
0.02737  0.02737  0.02737
0.02835  0.02835  0.02835
0.02934  0.02934  0.02934
0.03032  0.03032  0.03032
0.03128  0.03128  0.03128
0.03222  0.03222  0.03222
0.03314  0.03314  0.03314
0.03403  0.03403  0.03403
0.03518  0.03518  0.03518
0.03614  0.03614  0.03614
0.03711  0.03711  0.03711
0.03810  0.03810  0.03810
0.03910  0.03910  0.03910
0.04012  0.04012  0.04012
0.04115  0.04115  0.04115
0.04216  0.04216  0.04216
0.04302  0.04302  0.04302
0.04405  0.04405  0.04405
0.04504  0.04504  0.04504
0.04589  0.04589  0.04589
0.04693  0.04693  0.04693
0.04783  0.04783  0.04783
0.04893  0.04893  0.04893
0.04987  0.04987  0.04987
0.05083  0.05083  0.05083
0.05179  0.05179  0.05179
0.05277  0.05277  0.05277
0.05375  0.05375  0.05375
0.05474  0.05474  0.05474
0.05574  0.05574  0.05574
0.05674  0.05674  0.05674
0.05761  0.05761  0.05761
0.05863  0.05863  0.05863
0.05967  0.05967  0.05967
0.06057  0.06057  0.06057
0.06148  0.06148  0.06148
0.06256  0.06256  0.06256
0.06351  0.06351  0.06351
0.06449  0.06449  0.06449
0.06548  0.06548  0.06548
0.06647  0.06647  0.06647
0.06747  0.06747  0.06747
0.06848  0.06848  0.06848
0.06948  0.06948  0.06948
0.07038  0.07038  0.07038
0.07141  0.07141  0.07141
0.07232  0.07232  0.07232
0.07337  0.07337  0.07337
0.07430  0.07430  0.07430
0.07526  0.07526  0.07526
0.07623  0.07623  0.07623
0.07721  0.07721  0.07721
0.07820  0.07820  0.07820
0.07918  0.07918  0.07918
0.08015  0.08015  0.08015
0.08113  0.08113  0.08113
0.08212  0.08212  0.08212
0.08304  0.08304  0.08304
0.08409  0.08409  0.08409
0.08504  0.08504  0.08504
0.08600  0.08600  0.08600
0.08706  0.08706  0.08706
0.08801  0.08801  0.08801
0.08897  0.08897  0.08897
0.08994  0.08994  0.08994
0.09092  0.09092  0.09092
0.09191  0.09191  0.09191
0.09281  0.09281  0.09281
0.09382  0.09382  0.09382
0.09484  0.09484  0.09484
0.09577  0.09577  0.09577
0.09670  0.09670  0.09670
0.09775  0.09775  0.09775
0.09871  0.09871  0.09871
0.09968  0.09968  0.09968
0.10067  0.10067  0.10067
0.10166  0.10166  0.10166
0.10265  0.10265  0.10265
0.10364  0.10364  0.10364
0.10455  0.10455  0.10455
0.10555  0.10555  0.10555
0.10657  0.10657  0.10657
0.10750  0.10750  0.10750
0.10843  0.10843  0.10843
0.10947  0.10947  0.10947
0.11044  0.11044  0.11044
0.11142  0.11142  0.11142
0.11242  0.11242  0.11242
0.11341  0.11341  0.11341
0.11433  0.11433  0.11433
0.11534  0.11534  0.11534
0.11635  0.11635  0.11635
0.11729  0.11729  0.11729
0.11832  0.11832  0.11832
0.11928  0.11928  0.11928
0.12025  0.12025  0.12025
0.12122  0.12122  0.12122
0.12219  0.12219  0.12219
0.12315  0.12315  0.12315
0.12413  0.12413  0.12413
0.12511  0.12511  0.12511
0.12611  0.12611  0.12611
0.12704  0.12704  0.12704
0.12806  0.12806  0.12806
0.12901  0.12901  0.12901
0.13005  0.13005  0.13005
0.13100  0.13100  0.13100
0.13197  0.13197  0.13197
0.13294  0.13294  0.13294
0.13392  0.13392  0.13392
0.13491  0.13491  0.13491
0.13583  0.13583  0.13583
0.13683  0.13683  0.13683
0.13784  0.13784  0.13784
0.13878  0.13878  0.13878
0.13973  0.13973  0.13973
0.14076  0.14076  0.14076
0.14173  0.14173  0.14173
0.14270  0.14270  0.14270
0.14368  0.14368  0.14368
0.14466  0.14466  0.14466
0.14566  0.14566  0.14566
0.14660  0.14660  0.14660
0.14761  0.14761  0.14761
0.14857  0.14857  0.14857
0.14959  0.14959  0.14959
0.15055  0.15055  0.15055
0.15152  0.15152  0.15152
0.15249  0.15249  0.15249
0.15347  0.15347  0.15347
0.15445  0.15445  0.15445
0.15543  0.15543  0.15543
0.15642  0.15642  0.15642
0.15736  0.15736  0.15736
0.15837  0.15837  0.15837
0.15932  0.15932  0.15932
0.16028  0.16028  0.16028
0.16131  0.16131  0.16131
0.16229  0.16229  0.16229
0.16327  0.16327  0.16327
0.16425  0.16425  0.16425
0.16518  0.16518  0.16518
0.16617  0.16617  0.16617
0.16717  0.16717  0.16717
0.16812  0.16812  0.16812
0.16913  0.16913  0.16913
0.17010  0.17010  0.17010
0.17107  0.17107  0.17107
0.17204  0.17204  0.17204
0.17302  0.17302  0.17302
0.17401  0.17401  0.17401
0.17500  0.17500  0.17500
0.17595  0.17595  0.17595
0.17695  0.17695  0.17695
0.17795  0.17795  0.17795
0.17891  0.17891  0.17891
0.17987  0.17987  0.17987
0.18083  0.18083  0.18083
0.18181  0.18181  0.18181
0.18278  0.18278  0.18278
0.18377  0.18377  0.18377
0.18475  0.18475  0.18475
0.18574  0.18574  0.18574
0.18669  0.18669  0.18669
0.18769  0.18769  0.18769
0.18866  0.18866  0.18866
0.18963  0.18963  0.18963
0.19061  0.19061  0.19061
0.19159  0.19159  0.19159
0.19258  0.19258  0.19258
0.19356  0.19356  0.19356
0.19455  0.19455  0.19455
0.19549  0.19549  0.19549
0.19650  0.19650  0.19650
0.19746  0.19746  0.19746
0.19844  0.19844  0.19844
0.19941  0.19941  0.19941
0.20039  0.20039  0.20039
0.20136  0.20136  0.20136
0.20233  0.20233  0.20233
0.20331  0.20331  0.20331
0.20430  0.20430  0.20430
0.20526  0.20526  0.20526
0.20627  0.20627  0.20627
0.20724  0.20724  0.20724
0.20821  0.20821  0.20821
0.20918  0.20918  0.20918
0.21015  0.21015  0.21015
0.21113  0.21113  0.21113
0.21212  0.21212  0.21212
0.21307  0.21307  0.21307
0.21407  0.21407  0.21407
0.21504  0.21504  0.21504
0.21605  0.21605  0.21605
0.21702  0.21702  0.21702
0.21799  0.21799  0.21799
0.21896  0.21896  0.21896
0.21995  0.21995  0.21995
0.22094  0.22094  0.22094
0.22189  0.22189  0.22189
0.22288  0.22288  0.22288
0.22384  0.22384  0.22384
0.22480  0.22480  0.22480
0.22581  0.22581  0.22581
0.22679  0.22679  0.22679
0.22776  0.22776  0.22776
0.22874  0.22874  0.22874
0.22969  0.22969  0.22969
0.23068  0.23068  0.23068
0.23167  0.23167  0.23167
0.23263  0.23263  0.23263
0.23359  0.23359  0.23359
0.23460  0.23460  0.23460
0.23557  0.23557  0.23557
0.23656  0.23656  0.23656
0.23755  0.23755  0.23755
0.23850  0.23850  0.23850
0.23950  0.23950  0.23950
0.24046  0.24046  0.24046
0.24147  0.24147  0.24147
0.24243  0.24243  0.24243
0.24340  0.24340  0.24340
0.24438  0.24438  0.24438
0.24535  0.24535  0.24535
0.24633  0.24633  0.24633
0.24732  0.24732  0.24732
0.24831  0.24831  0.24831
0.24926  0.24926  0.24926
0.25022  0.25022  0.25022
0.25123  0.25123  0.25123
0.25219  0.25219  0.25219
0.25317  0.25317  0.25317
0.25414  0.25414  0.25414
0.25513  0.25513  0.25513
0.25608  0.25608  0.25608
0.25708  0.25708  0.25708
0.25804  0.25804  0.25804
0.25904  0.25904  0.25904
0.26002  0.26002  0.26002
0.26099  0.26099  0.26099
0.26198  0.26198  0.26198
0.26296  0.26296  0.26296
0.26395  0.26395  0.26395
0.26490  0.26490  0.26490
0.26590  0.26590  0.26590
0.26686  0.26686  0.26686
0.26782  0.26782  0.26782
0.26882  0.26882  0.26882
0.26979  0.26979  0.26979
0.27077  0.27077  0.27077
0.27173  0.27173  0.27173
0.27272  0.27272  0.27272
0.27372  0.27372  0.27372
0.27468  0.27468  0.27468
0.27568  0.27568  0.27568
0.27665  0.27665  0.27665
0.27762  0.27762  0.27762
0.27859  0.27859  0.27859
0.27957  0.27957  0.27957
0.28052  0.28052  0.28052
0.28151  0.28151  0.28151
0.28250  0.28250  0.28250
0.28347  0.28347  0.28347
0.28445  0.28445  0.28445
0.28543  0.28543  0.28543
0.28641  0.28641  0.28641
0.28739  0.28739  0.28739
0.28838  0.28838  0.28838
0.28937  0.28937  0.28937
0.29033  0.29033  0.29033
0.29132  0.29132  0.29132
0.29229  0.29229  0.29229
0.29326  0.29326  0.29326
0.29423  0.29423  0.29423
0.29521  0.29521  0.29521
0.29620  0.29620  0.29620
0.29718  0.29718  0.29718
0.29814  0.29814  0.29814
0.29914  0.29914  0.29914
0.30011  0.30011  0.30011
0.30108  0.30108  0.30108
0.30205  0.30205  0.30205
0.30302  0.30302  0.30302
0.30400  0.30400  0.30400
0.30498  0.30498  0.30498
0.30596  0.30596  0.30596
0.30692  0.30692  0.30692
0.30789  0.30789  0.30789
0.30889  0.30889  0.30889
0.30987  0.30987  0.30987
0.31085  0.31085  0.31085
0.31181  0.31181  0.31181
0.31280  0.31280  0.31280
0.31379  0.31379  0.31379
0.31475  0.31475  0.31475
0.31575  0.31575  0.31575
0.31672  0.31672  0.31672
0.31770  0.31770  0.31770
0.31867  0.31867  0.31867
0.31966  0.31966  0.31966
0.32064  0.32064  0.32064
0.32160  0.32160  0.32160
0.32260  0.32260  0.32260
0.32357  0.32357  0.32357
0.32454  0.32454  0.32454
0.32551  0.32551  0.32551
0.32649  0.32649  0.32649
0.32746  0.32746  0.32746
0.32844  0.32844  0.32844
0.32942  0.32942  0.32942
0.33038  0.33038  0.33038
0.33135  0.33135  0.33135
0.33235  0.33235  0.33235
0.33333  0.33333  0.33333
0.33431  0.33431  0.33431
0.33529  0.33529  0.33529
0.33625  0.33625  0.33625
0.33724  0.33724  0.33724
0.33821  0.33821  0.33821
0.33920  0.33920  0.33920
0.34018  0.34018  0.34018
0.34116  0.34116  0.34116
0.34214  0.34214  0.34214
0.34312  0.34312  0.34312
0.34408  0.34408  0.34408
0.34507  0.34507  0.34507
0.34603  0.34603  0.34603
0.34703  0.34703  0.34703
0.34800  0.34800  0.34800
0.34897  0.34897  0.34897
0.34995  0.34995  0.34995
0.35093  0.35093  0.35093
0.35189  0.35189  0.35189
0.35288  0.35288  0.35288
0.35385  0.35385  0.35385
0.35484  0.35484  0.35484
0.35581  0.35581  0.35581
0.35679  0.35679  0.35679
0.35777  0.35777  0.35777
0.35874  0.35874  0.35874
0.35973  0.35973  0.35973
0.36070  0.36070  0.36070
0.36169  0.36169  0.36169
0.36267  0.36267  0.36267
0.36364  0.36364  0.36364
0.36462  0.36462  0.36462
0.36560  0.36560  0.36560
0.36658  0.36658  0.36658
0.36754  0.36754  0.36754
0.36853  0.36853  0.36853
0.36950  0.36950  0.36950
0.37047  0.37047  0.37047
0.37145  0.37145  0.37145
0.37243  0.37243  0.37243
0.37341  0.37341  0.37341
0.37440  0.37440  0.37440
0.37536  0.37536  0.37536
0.37634  0.37634  0.37634
0.37731  0.37731  0.37731
0.37829  0.37829  0.37829
0.37927  0.37927  0.37927
0.38025  0.38025  0.38025
0.38124  0.38124  0.38124
0.38220  0.38220  0.38220
0.38319  0.38319  0.38319
0.38416  0.38416  0.38416
0.38514  0.38514  0.38514
0.38611  0.38611  0.38611
0.38709  0.38709  0.38709
0.38808  0.38808  0.38808
0.38906  0.38906  0.38906
0.39003  0.39003  0.39003
0.39102  0.39102  0.39102
0.39199  0.39199  0.39199
0.39296  0.39296  0.39296
0.39394  0.39394  0.39394
0.39492  0.39492  0.39492
0.39590  0.39590  0.39590
0.39686  0.39686  0.39686
0.39785  0.39785  0.39785
0.39883  0.39883  0.39883
0.39980  0.39980  0.39980
0.40080  0.40080  0.40080
0.40175  0.40175  0.40175
0.40273  0.40273  0.40273
0.40372  0.40372  0.40372
0.40468  0.40468  0.40468
0.40567  0.40567  0.40567
0.40665  0.40665  0.40665
0.40762  0.40762  0.40762
0.40860  0.40860  0.40860
0.40958  0.40958  0.40958
0.41056  0.41056  0.41056
0.41153  0.41153  0.41153
0.41252  0.41252  0.41252
0.41349  0.41349  0.41349
0.41447  0.41447  0.41447
0.41545  0.41545  0.41545
0.41643  0.41643  0.41643
0.41741  0.41741  0.41741
0.41837  0.41837  0.41837
0.41936  0.41936  0.41936
0.42033  0.42033  0.42033
0.42130  0.42130  0.42130
0.42228  0.42228  0.42228
0.42327  0.42327  0.42327
0.42425  0.42425  0.42425
0.42523  0.42523  0.42523
0.42619  0.42619  0.42619
0.42717  0.42717  0.42717
0.42815  0.42815  0.42815
0.42912  0.42912  0.42912
0.43010  0.43010  0.43010
0.43108  0.43108  0.43108
0.43206  0.43206  0.43206
0.43303  0.43303  0.43303
0.43400  0.43400  0.43400
0.43499  0.43499  0.43499
0.43597  0.43597  0.43597
0.43695  0.43695  0.43695
0.43794  0.43794  0.43794
0.43891  0.43891  0.43891
0.43989  0.43989  0.43989
0.44086  0.44086  0.44086
0.44185  0.44185  0.44185
0.44282  0.44282  0.44282
0.44380  0.44380  0.44380
0.44478  0.44478  0.44478
0.44574  0.44574  0.44574
0.44673  0.44673  0.44673
0.44770  0.44770  0.44770
0.44869  0.44869  0.44869
0.44966  0.44966  0.44966
0.45064  0.45064  0.45064
0.45161  0.45161  0.45161
0.45259  0.45259  0.45259
0.45356  0.45356  0.45356
0.45454  0.45454  0.45454
0.45552  0.45552  0.45552
0.45649  0.45649  0.45649
0.45747  0.45747  0.45747
0.45845  0.45845  0.45845
0.45943  0.45943  0.45943
0.46041  0.46041  0.46041
0.46140  0.46140  0.46140
0.46237  0.46237  0.46237
0.46335  0.46335  0.46335
0.46434  0.46434  0.46434
0.46530  0.46530  0.46530
0.46628  0.46628  0.46628
0.46726  0.46726  0.46726
0.46823  0.46823  0.46823
0.46922  0.46922  0.46922
0.47019  0.47019  0.47019
0.47117  0.47117  0.47117
0.47214  0.47214  0.47214
0.47311  0.47311  0.47311
0.47409  0.47409  0.47409
0.47508  0.47508  0.47508
0.47605  0.47605  0.47605
0.47703  0.47703  0.47703
0.47800  0.47800  0.47800
0.47898  0.47898  0.47898
0.47996  0.47996  0.47996
0.48093  0.48093  0.48093
0.48191  0.48191  0.48191
0.48289  0.48289  0.48289
0.48386  0.48386  0.48386
0.48484  0.48484  0.48484
0.48582  0.48582  0.48582
0.48680  0.48680  0.48680
0.48779  0.48779  0.48779
0.48876  0.48876  0.48876
0.48973  0.48973  0.48973
0.49073  0.49073  0.49073
0.49170  0.49170  0.49170
0.49266  0.49266  0.49266
0.49364  0.49364  0.49364
0.49463  0.49463  0.49463
0.49559  0.49559  0.49559
0.49656  0.49656  0.49656
0.49755  0.49755  0.49755
0.49853  0.49853  0.49853
0.49950  0.49950  0.49950
0.50048  0.50048  0.50048
0.50147  0.50147  0.50147
0.50244  0.50244  0.50244
0.50342  0.50342  0.50342
0.50441  0.50441  0.50441
0.50537  0.50537  0.50537
0.50635  0.50635  0.50635
0.50734  0.50734  0.50734
0.50832  0.50832  0.50832
0.50929  0.50929  0.50929
0.51026  0.51026  0.51026
0.51124  0.51124  0.51124
0.51221  0.51221  0.51221
0.51320  0.51320  0.51320
0.51418  0.51418  0.51418
0.51515  0.51515  0.51515
0.51612  0.51612  0.51612
0.51711  0.51711  0.51711
0.51809  0.51809  0.51809
0.51907  0.51907  0.51907
0.52004  0.52004  0.52004
0.52102  0.52102  0.52102
0.52199  0.52199  0.52199
0.52298  0.52298  0.52298
0.52395  0.52395  0.52395
0.52493  0.52493  0.52493
0.52590  0.52590  0.52590
0.52688  0.52688  0.52688
0.52785  0.52785  0.52785
0.52884  0.52884  0.52884
0.52981  0.52981  0.52981
0.53079  0.53079  0.53079
0.53177  0.53177  0.53177
0.53275  0.53275  0.53275
0.53372  0.53372  0.53372
0.53470  0.53470  0.53470
0.53567  0.53567  0.53567
0.53665  0.53665  0.53665
0.53763  0.53763  0.53763
0.53861  0.53861  0.53861
0.53958  0.53958  0.53958
0.54057  0.54057  0.54057
0.54155  0.54155  0.54155
0.54253  0.54253  0.54253
0.54351  0.54351  0.54351
0.54448  0.54448  0.54448
0.54546  0.54546  0.54546
0.54644  0.54644  0.54644
0.54740  0.54740  0.54740
0.54839  0.54839  0.54839
0.54936  0.54936  0.54936
0.55034  0.55034  0.55034
0.55132  0.55132  0.55132
0.55230  0.55230  0.55230
0.55327  0.55327  0.55327
0.55425  0.55425  0.55425
0.55522  0.55522  0.55522
0.55619  0.55619  0.55619
0.55718  0.55718  0.55718
0.55815  0.55815  0.55815
0.55913  0.55913  0.55913
0.56012  0.56012  0.56012
0.56109  0.56109  0.56109
0.56208  0.56208  0.56208
0.56306  0.56306  0.56306
0.56404  0.56404  0.56404
0.56501  0.56501  0.56501
0.56599  0.56599  0.56599
0.56697  0.56697  0.56697
0.56794  0.56794  0.56794
0.56892  0.56892  0.56892
0.56989  0.56989  0.56989
0.57087  0.57087  0.57087
0.57185  0.57185  0.57185
0.57283  0.57283  0.57283
0.57380  0.57380  0.57380
0.57477  0.57477  0.57477
0.57576  0.57576  0.57576
0.57673  0.57673  0.57673
0.57770  0.57770  0.57770
0.57868  0.57868  0.57868
0.57967  0.57967  0.57967
0.58064  0.58064  0.58064
0.58162  0.58162  0.58162
0.58259  0.58259  0.58259
0.58357  0.58357  0.58357
0.58455  0.58455  0.58455
0.58554  0.58554  0.58554
0.58652  0.58652  0.58652
0.58749  0.58749  0.58749
0.58847  0.58847  0.58847
0.58944  0.58944  0.58944
0.59042  0.59042  0.59042
0.59140  0.59140  0.59140
0.59238  0.59238  0.59238
0.59335  0.59335  0.59335
0.59433  0.59433  0.59433
0.59531  0.59531  0.59531
0.59629  0.59629  0.59629
0.59727  0.59727  0.59727
0.59824  0.59824  0.59824
0.59922  0.59922  0.59922
0.60019  0.60019  0.60019
0.60117  0.60117  0.60117
0.60214  0.60214  0.60214
0.60312  0.60312  0.60312
0.60410  0.60410  0.60410
0.60507  0.60507  0.60507
0.60605  0.60605  0.60605
0.60704  0.60704  0.60704
0.60801  0.60801  0.60801
0.60899  0.60899  0.60899
0.60996  0.60996  0.60996
0.61095  0.61095  0.61095
0.61192  0.61192  0.61192
0.61290  0.61290  0.61290
0.61388  0.61388  0.61388
0.61486  0.61486  0.61486
0.61584  0.61584  0.61584
0.61682  0.61682  0.61682
0.61779  0.61779  0.61779
0.61877  0.61877  0.61877
0.61975  0.61975  0.61975
0.62072  0.62072  0.62072
0.62169  0.62169  0.62169
0.62267  0.62267  0.62267
0.62366  0.62366  0.62366
0.62463  0.62463  0.62463
0.62561  0.62561  0.62561
0.62659  0.62659  0.62659
0.62757  0.62757  0.62757
0.62855  0.62855  0.62855
0.62952  0.62952  0.62952
0.63050  0.63050  0.63050
0.63147  0.63147  0.63147
0.63245  0.63245  0.63245
0.63343  0.63343  0.63343
0.63441  0.63441  0.63441
0.63538  0.63538  0.63538
0.63637  0.63637  0.63637
0.63734  0.63734  0.63734
0.63832  0.63832  0.63832
0.63930  0.63930  0.63930
0.64028  0.64028  0.64028
0.64125  0.64125  0.64125
0.64224  0.64224  0.64224
0.64321  0.64321  0.64321
0.64418  0.64418  0.64418
0.64516  0.64516  0.64516
0.64614  0.64614  0.64614
0.64712  0.64712  0.64712
0.64809  0.64809  0.64809
0.64907  0.64907  0.64907
0.65005  0.65005  0.65005
0.65103  0.65103  0.65103
0.65201  0.65201  0.65201
0.65298  0.65298  0.65298
0.65396  0.65396  0.65396
0.65493  0.65493  0.65493
0.65592  0.65592  0.65592
0.65690  0.65690  0.65690
0.65787  0.65787  0.65787
0.65884  0.65884  0.65884
0.65983  0.65983  0.65983
0.66080  0.66080  0.66080
0.66178  0.66178  0.66178
0.66276  0.66276  0.66276
0.66374  0.66374  0.66374
0.66471  0.66471  0.66471
0.66570  0.66570  0.66570
0.66667  0.66667  0.66667
0.66765  0.66765  0.66765
0.66863  0.66863  0.66863
0.66960  0.66960  0.66960
0.67058  0.67058  0.67058
0.67155  0.67155  0.67155
0.67253  0.67253  0.67253
0.67351  0.67351  0.67351
0.67449  0.67449  0.67449
0.67546  0.67546  0.67546
0.67644  0.67644  0.67644
0.67742  0.67742  0.67742
0.67840  0.67840  0.67840
0.67937  0.67937  0.67937
0.68035  0.68035  0.68035
0.68132  0.68132  0.68132
0.68230  0.68230  0.68230
0.68328  0.68328  0.68328
0.68425  0.68425  0.68425
0.68524  0.68524  0.68524
0.68621  0.68621  0.68621
0.68719  0.68719  0.68719
0.68817  0.68817  0.68817
0.68916  0.68916  0.68916
0.69013  0.69013  0.69013
0.69111  0.69111  0.69111
0.69209  0.69209  0.69209
0.69307  0.69307  0.69307
0.69404  0.69404  0.69404
0.69502  0.69502  0.69502
0.69600  0.69600  0.69600
0.69697  0.69697  0.69697
0.69795  0.69795  0.69795
0.69893  0.69893  0.69893
0.69990  0.69990  0.69990
0.70088  0.70088  0.70088
0.70186  0.70186  0.70186
0.70284  0.70284  0.70284
0.70381  0.70381  0.70381
0.70479  0.70479  0.70479
0.70576  0.70576  0.70576
0.70674  0.70674  0.70674
0.70771  0.70771  0.70771
0.70870  0.70870  0.70870
0.70967  0.70967  0.70967
0.71065  0.71065  0.71065
0.71163  0.71163  0.71163
0.71261  0.71261  0.71261
0.71359  0.71359  0.71359
0.71457  0.71457  0.71457
0.71555  0.71555  0.71555
0.71652  0.71652  0.71652
0.71750  0.71750  0.71750
0.71847  0.71847  0.71847
0.71946  0.71946  0.71946
0.72043  0.72043  0.72043
0.72141  0.72141  0.72141
0.72238  0.72238  0.72238
0.72336  0.72336  0.72336
0.72434  0.72434  0.72434
0.72532  0.72532  0.72532
0.72629  0.72629  0.72629
0.72727  0.72727  0.72727
0.72825  0.72825  0.72825
0.72923  0.72923  0.72923
0.73021  0.73021  0.73021
0.73118  0.73118  0.73118
0.73216  0.73216  0.73216
0.73314  0.73314  0.73314
0.73411  0.73411  0.73411
0.73509  0.73509  0.73509
0.73606  0.73606  0.73606
0.73704  0.73704  0.73704
0.73802  0.73802  0.73802
0.73901  0.73901  0.73901
0.73999  0.73999  0.73999
0.74096  0.74096  0.74096
0.74194  0.74194  0.74194
0.74292  0.74292  0.74292
0.74390  0.74390  0.74390
0.74487  0.74487  0.74487
0.74585  0.74585  0.74585
0.74683  0.74683  0.74683
0.74781  0.74781  0.74781
0.74878  0.74878  0.74878
0.74975  0.74975  0.74975
0.75074  0.75074  0.75074
0.75172  0.75172  0.75172
0.75269  0.75269  0.75269
0.75367  0.75367  0.75367
0.75465  0.75465  0.75465
0.75562  0.75562  0.75562
0.75660  0.75660  0.75660
0.75757  0.75757  0.75757
0.75855  0.75855  0.75855
0.75952  0.75952  0.75952
0.76050  0.76050  0.76050
0.76148  0.76148  0.76148
0.76246  0.76246  0.76246
0.76344  0.76344  0.76344
0.76442  0.76442  0.76442
0.76540  0.76540  0.76540
0.76638  0.76638  0.76638
0.76735  0.76735  0.76735
0.76833  0.76833  0.76833
0.76931  0.76931  0.76931
0.77029  0.77029  0.77029
0.77127  0.77127  0.77127
0.77224  0.77224  0.77224
0.77322  0.77322  0.77322
0.77419  0.77419  0.77419
0.77517  0.77517  0.77517
0.77615  0.77615  0.77615
0.77713  0.77713  0.77713
0.77810  0.77810  0.77810
0.77908  0.77908  0.77908
0.78006  0.78006  0.78006
0.78103  0.78103  0.78103
0.78201  0.78201  0.78201
0.78298  0.78298  0.78298
0.78396  0.78396  0.78396
0.78494  0.78494  0.78494
0.78592  0.78592  0.78592
0.78691  0.78691  0.78691
0.78788  0.78788  0.78788
0.78887  0.78887  0.78887
0.78984  0.78984  0.78984
0.79081  0.79081  0.79081
0.79179  0.79179  0.79179
0.79277  0.79277  0.79277
0.79375  0.79375  0.79375
0.79473  0.79473  0.79473
0.79570  0.79570  0.79570
0.79668  0.79668  0.79668
0.79765  0.79765  0.79765
0.79863  0.79863  0.79863
0.79961  0.79961  0.79961
0.80058  0.80058  0.80058
0.80156  0.80156  0.80156
0.80254  0.80254  0.80254
0.80352  0.80352  0.80352
0.80450  0.80450  0.80450
0.80547  0.80547  0.80547
0.80645  0.80645  0.80645
0.80743  0.80743  0.80743
0.80840  0.80840  0.80840
0.80938  0.80938  0.80938
0.81035  0.81035  0.81035
0.81133  0.81133  0.81133
0.81231  0.81231  0.81231
0.81329  0.81329  0.81329
0.81427  0.81427  0.81427
0.81525  0.81525  0.81525
0.81623  0.81623  0.81623
0.81721  0.81721  0.81721
0.81818  0.81818  0.81818
0.81916  0.81916  0.81916
0.82014  0.82014  0.82014
0.82112  0.82112  0.82112
0.82210  0.82210  0.82210
0.82307  0.82307  0.82307
0.82405  0.82405  0.82405
0.82502  0.82502  0.82502
0.82600  0.82600  0.82600
0.82698  0.82698  0.82698
0.82795  0.82795  0.82795
0.82894  0.82894  0.82894
0.82991  0.82991  0.82991
0.83089  0.83089  0.83089
0.83186  0.83186  0.83186
0.83284  0.83284  0.83284
0.83382  0.83382  0.83382
0.83480  0.83480  0.83480
0.83577  0.83577  0.83577
0.83675  0.83675  0.83675
0.83774  0.83774  0.83774
0.83871  0.83871  0.83871
0.83969  0.83969  0.83969
0.84067  0.84067  0.84067
0.84165  0.84165  0.84165
0.84263  0.84263  0.84263
0.84360  0.84360  0.84360
0.84458  0.84458  0.84458
0.84555  0.84555  0.84555
0.84653  0.84653  0.84653
0.84751  0.84751  0.84751
0.84849  0.84849  0.84849
0.84947  0.84947  0.84947
0.85044  0.85044  0.85044
0.85142  0.85142  0.85142
0.85240  0.85240  0.85240
0.85337  0.85337  0.85337
0.85435  0.85435  0.85435
0.85533  0.85533  0.85533
0.85630  0.85630  0.85630
0.85728  0.85728  0.85728
0.85826  0.85826  0.85826
0.85924  0.85924  0.85924
0.86022  0.86022  0.86022
0.86119  0.86119  0.86119
0.86217  0.86217  0.86217
0.86315  0.86315  0.86315
0.86413  0.86413  0.86413
0.86510  0.86510  0.86510
0.86609  0.86609  0.86609
0.86706  0.86706  0.86706
0.86804  0.86804  0.86804
0.86902  0.86902  0.86902
0.86999  0.86999  0.86999
0.87097  0.87097  0.87097
0.87195  0.87195  0.87195
0.87293  0.87293  0.87293
0.87390  0.87390  0.87390
0.87488  0.87488  0.87488
0.87586  0.87586  0.87586
0.87683  0.87683  0.87683
0.87781  0.87781  0.87781
0.87879  0.87879  0.87879
0.87976  0.87976  0.87976
0.88074  0.88074  0.88074
0.88172  0.88172  0.88172
0.88269  0.88269  0.88269
0.88367  0.88367  0.88367
0.88465  0.88465  0.88465
0.88562  0.88562  0.88562
0.88660  0.88660  0.88660
0.88758  0.88758  0.88758
0.88856  0.88856  0.88856
0.88954  0.88954  0.88954
0.89052  0.89052  0.89052
0.89150  0.89150  0.89150
0.89248  0.89248  0.89248
0.89345  0.89345  0.89345
0.89443  0.89443  0.89443
0.89541  0.89541  0.89541
0.89639  0.89639  0.89639
0.89737  0.89737  0.89737
0.89834  0.89834  0.89834
0.89932  0.89932  0.89932
0.90029  0.90029  0.90029
0.90127  0.90127  0.90127
0.90225  0.90225  0.90225
0.90323  0.90323  0.90323
0.90420  0.90420  0.90420
0.90518  0.90518  0.90518
0.90616  0.90616  0.90616
0.90713  0.90713  0.90713
0.90811  0.90811  0.90811
0.90908  0.90908  0.90908
0.91007  0.91007  0.91007
0.91104  0.91104  0.91104
0.91202  0.91202  0.91202
0.91300  0.91300  0.91300
0.91398  0.91398  0.91398
0.91496  0.91496  0.91496
0.91593  0.91593  0.91593
0.91691  0.91691  0.91691
0.91789  0.91789  0.91789
0.91886  0.91886  0.91886
0.91984  0.91984  0.91984
0.92082  0.92082  0.92082
0.92180  0.92180  0.92180
0.92278  0.92278  0.92278
0.92376  0.92376  0.92376
0.92473  0.92473  0.92473
0.92571  0.92571  0.92571
0.92668  0.92668  0.92668
0.92766  0.92766  0.92766
0.92864  0.92864  0.92864
0.92962  0.92962  0.92962
0.93060  0.93060  0.93060
0.93157  0.93157  0.93157
0.93255  0.93255  0.93255
0.93353  0.93353  0.93353
0.93450  0.93450  0.93450
0.93548  0.93548  0.93548
0.93646  0.93646  0.93646
0.93743  0.93743  0.93743
0.93841  0.93841  0.93841
0.93939  0.93939  0.93939
0.94038  0.94038  0.94038
0.94135  0.94135  0.94135
0.94233  0.94233  0.94233
0.94331  0.94331  0.94331
0.94428  0.94428  0.94428
0.94526  0.94526  0.94526
0.94623  0.94623  0.94623
0.94722  0.94722  0.94722
0.94819  0.94819  0.94819
0.94917  0.94917  0.94917
0.95015  0.95015  0.95015
0.95112  0.95112  0.95112
0.95210  0.95210  0.95210
0.95308  0.95308  0.95308
0.95406  0.95406  0.95406
0.95503  0.95503  0.95503
0.95601  0.95601  0.95601
0.95699  0.95699  0.95699
0.95797  0.95797  0.95797
0.95894  0.95894  0.95894
0.95992  0.95992  0.95992
0.96089  0.96089  0.96089
0.96187  0.96187  0.96187
0.96286  0.96286  0.96286
0.96383  0.96383  0.96383
0.96481  0.96481  0.96481
0.96579  0.96579  0.96579
0.96677  0.96677  0.96677
0.96775  0.96775  0.96775
0.96872  0.96872  0.96872
0.96970  0.96970  0.96970
0.97067  0.97067  0.97067
0.97165  0.97165  0.97165
0.97263  0.97263  0.97263
0.97361  0.97361  0.97361
0.97458  0.97458  0.97458
0.97556  0.97556  0.97556
0.97654  0.97654  0.97654
0.97752  0.97752  0.97752
0.97849  0.97849  0.97849
0.97947  0.97947  0.97947
0.98045  0.98045  0.98045
0.98142  0.98142  0.98142
0.98240  0.98240  0.98240
0.98337  0.98337  0.98337
0.98436  0.98436  0.98436
0.98533  0.98533  0.98533
0.98632  0.98632  0.98632
0.98730  0.98730  0.98730
0.98827  0.98827  0.98827
0.98926  0.98926  0.98926
0.99023  0.99023  0.99023
0.99121  0.99121  0.99121
0.99218  0.99218  0.99218
0.99316  0.99316  0.99316
0.99414  0.99414  0.99414
0.99511  0.99511  0.99511
0.99609  0.99609  0.99609
0.99707  0.99707  0.99707
0.99805  0.99805  0.99805
0.99903  0.99903  0.99903
1.00000  1.00000  1.00000
