1024
0.00000  0.00000  1.00000
0.00197  0.00197  1.00000
0.00393  0.00393  1.00000
0.00588  0.00588  1.00000
0.00782  0.00782  1.00000
0.00974  0.00974  1.00000
0.01184  0.01184  1.00000
0.01373  0.01373  1.00000
0.01564  0.01564  1.00000
0.01759  0.01759  1.00000
0.01954  0.01954  1.00000
0.02150  0.02150  1.00000
0.02346  0.02346  1.00000
0.02542  0.02542  1.00000
0.02738  0.02738  1.00000
0.02934  0.02934  1.00000
0.03128  0.03128  1.00000
0.03319  0.03319  1.00000
0.03528  0.03528  1.00000
0.03717  0.03717  1.00000
0.03910  0.03910  1.00000
0.04109  0.04109  1.00000
0.04293  0.04293  1.00000
0.04499  0.04499  1.00000
0.04693  0.04693  1.00000
0.04893  0.04893  1.00000
0.05082  0.05082  1.00000
0.05276  0.05276  1.00000
0.05474  0.05474  1.00000
0.05674  0.05674  1.00000
0.05863  0.05863  1.00000
0.06058  0.06058  1.00000
0.06256  0.06256  1.00000
0.06447  0.06447  1.00000
0.06644  0.06644  1.00000
0.06846  0.06846  1.00000
0.07038  0.07038  1.00000
0.07233  0.07233  1.00000
0.07433  0.07433  1.00000
0.07625  0.07625  1.00000
0.07820  0.07820  1.00000
0.08018  0.08018  1.00000
0.08220  0.08220  1.00000
0.08414  0.08414  1.00000
0.08600  0.08600  1.00000
0.08801  0.08801  1.00000
0.08995  0.08995  1.00000
0.09192  0.09192  1.00000
0.09382  0.09382  1.00000
0.09578  0.09578  1.00000
0.09777  0.09777  1.00000
0.09970  0.09970  1.00000
0.10166  0.10166  1.00000
0.10364  0.10364  1.00000
0.10555  0.10555  1.00000
0.10749  0.10749  1.00000
0.10947  0.10947  1.00000
0.11141  0.11141  1.00000
0.11340  0.11340  1.00000
0.11533  0.11533  1.00000
0.11729  0.11729  1.00000
0.11927  0.11927  1.00000
0.12119  0.12119  1.00000
0.12313  0.12313  1.00000
0.12511  0.12511  1.00000
0.12704  0.12704  1.00000
0.12900  0.12900  1.00000
0.13100  0.13100  1.00000
0.13294  0.13294  1.00000
0.13491  0.13491  1.00000
0.13683  0.13683  1.00000
0.13879  0.13879  1.00000
0.14076  0.14076  1.00000
0.14271  0.14271  1.00000
0.14468  0.14468  1.00000
0.14661  0.14661  1.00000
0.14857  0.14857  1.00000
0.15054  0.15054  1.00000
0.15248  0.15248  1.00000
0.15444  0.15444  1.00000
0.15642  0.15642  1.00000
0.15837  0.15837  1.00000
0.16028  0.16028  1.00000
0.16229  0.16229  1.00000
0.16425  0.16425  1.00000
0.16618  0.16618  1.00000
0.16813  0.16813  1.00000
0.17010  0.17010  1.00000
0.17204  0.17204  1.00000
0.17401  0.17401  1.00000
0.17594  0.17594  1.00000
0.17795  0.17795  1.00000
0.17987  0.17987  1.00000
0.18181  0.18181  1.00000
0.18376  0.18376  1.00000
0.18574  0.18574  1.00000
0.18769  0.18769  1.00000
0.18962  0.18962  1.00000
0.19157  0.19157  1.00000
0.19355  0.19355  1.00000
0.19549  0.19549  1.00000
0.19745  0.19745  1.00000
0.19938  0.19938  1.00000
0.20133  0.20133  1.00000
0.20331  0.20331  1.00000
0.20525  0.20525  1.00000
0.20722  0.20722  1.00000
0.20916  0.20916  1.00000
0.21113  0.21113  1.00000
0.21307  0.21307  1.00000
0.21503  0.21503  1.00000
0.21701  0.21701  1.00000
0.21896  0.21896  1.00000
0.22094  0.22094  1.00000
0.22288  0.22288  1.00000
0.22480  0.22480  1.00000
0.22679  0.22679  1.00000
0.22874  0.22874  1.00000
0.23067  0.23067  1.00000
0.23263  0.23263  1.00000
0.23460  0.23460  1.00000
0.23656  0.23656  1.00000
0.23850  0.23850  1.00000
0.24046  0.24046  1.00000
0.24243  0.24243  1.00000
0.24438  0.24438  1.00000
0.24634  0.24634  1.00000
0.24831  0.24831  1.00000
0.25022  0.25022  1.00000
0.25220  0.25220  1.00000
0.25415  0.25415  1.00000
0.25609  0.25609  1.00000
0.25804  0.25804  1.00000
0.26001  0.26001  1.00000
0.26197  0.26197  1.00000
0.26394  0.26394  1.00000
0.26590  0.26590  1.00000
0.26783  0.26783  1.00000
0.26981  0.26981  1.00000
0.27174  0.27174  1.00000
0.27372  0.27372  1.00000
0.27568  0.27568  1.00000
0.27762  0.27762  1.00000
0.27957  0.27957  1.00000
0.28151  0.28151  1.00000
0.28347  0.28347  1.00000
0.28542  0.28542  1.00000
0.28738  0.28738  1.00000
0.28936  0.28936  1.00000
0.29132  0.29132  1.00000
0.29326  0.29326  1.00000
0.29522  0.29522  1.00000
0.29718  0.29718  1.00000
0.29913  0.29913  1.00000
0.30107  0.30107  1.00000
0.30301  0.30301  1.00000
0.30497  0.30497  1.00000
0.30692  0.30692  1.00000
0.30890  0.30890  1.00000
0.31085  0.31085  1.00000
0.31280  0.31280  1.00000
0.31475  0.31475  1.00000
0.31672  0.31672  1.00000
0.31868  0.31868  1.00000
0.32064  0.32064  1.00000
0.32260  0.32260  1.00000
0.32453  0.32453  1.00000
0.32647  0.32647  1.00000
0.32843  0.32843  1.00000
0.33039  0.33039  1.00000
0.33235  0.33235  1.00000
0.33431  0.33431  1.00000
0.33625  0.33625  1.00000
0.33820  0.33820  1.00000
0.34017  0.34017  1.00000
0.34213  0.34213  1.00000
0.34408  0.34408  1.00000
0.34603  0.34603  1.00000
0.34800  0.34800  1.00000
0.34995  0.34995  1.00000
0.35189  0.35189  1.00000
0.35385  0.35385  1.00000
0.35582  0.35582  1.00000
0.35778  0.35778  1.00000
0.35973  0.35973  1.00000
0.36169  0.36169  1.00000
0.36364  0.36364  1.00000
0.36559  0.36559  1.00000
0.36754  0.36754  1.00000
0.36949  0.36949  1.00000
0.37144  0.37144  1.00000
0.37340  0.37340  1.00000
0.37535  0.37535  1.00000
0.37731  0.37731  1.00000
0.37927  0.37927  1.00000
0.38124  0.38124  1.00000
0.38319  0.38319  1.00000
0.38514  0.38514  1.00000
0.38709  0.38709  1.00000
0.38906  0.38906  1.00000
0.39102  0.39102  1.00000
0.39296  0.39296  1.00000
0.39492  0.39492  1.00000
0.39687  0.39687  1.00000
0.39883  0.39883  1.00000
0.40080  0.40080  1.00000
0.40274  0.40274  1.00000
0.40468  0.40468  1.00000
0.40665  0.40665  1.00000
0.40860  0.40860  1.00000
0.41057  0.41057  1.00000
0.41252  0.41252  1.00000
0.41447  0.41447  1.00000
0.41643  0.41643  1.00000
0.41838  0.41838  1.00000
0.42034  0.42034  1.00000
0.42229  0.42229  1.00000
0.42425  0.42425  1.00000
0.42619  0.42619  1.00000
0.42815  0.42815  1.00000
0.43010  0.43010  1.00000
0.43206  0.43206  1.00000
0.43400  0.43400  1.00000
0.43598  0.43598  1.00000
0.43794  0.43794  1.00000
0.43989  0.43989  1.00000
0.44185  0.44185  1.00000
0.44380  0.44380  1.00000
0.44575  0.44575  1.00000
0.44770  0.44770  1.00000
0.44966  0.44966  1.00000
0.45161  0.45161  1.00000
0.45356  0.45356  1.00000
0.45552  0.45552  1.00000
0.45747  0.45747  1.00000
0.45944  0.45944  1.00000
0.46140  0.46140  1.00000
0.46335  0.46335  1.00000
0.46530  0.46530  1.00000
0.46726  0.46726  1.00000
0.46922  0.46922  1.00000
0.47117  0.47117  1.00000
0.47311  0.47311  1.00000
0.47508  0.47508  1.00000
0.47703  0.47703  1.00000
0.47898  0.47898  1.00000
0.48093  0.48093  1.00000
0.48289  0.48289  1.00000
0.48484  0.48484  1.00000
0.48680  0.48680  1.00000
0.48876  0.48876  1.00000
0.49072  0.49072  1.00000
0.49266  0.49266  1.00000
0.49463  0.49463  1.00000
0.49657  0.49657  1.00000
0.49854  0.49854  1.00000
0.50048  0.50048  1.00000
0.50244  0.50244  1.00000
0.50440  0.50440  1.00000
0.50635  0.50635  1.00000
0.50831  0.50831  1.00000
0.51026  0.51026  1.00000
0.51221  0.51221  1.00000
0.51418  0.51418  1.00000
0.51612  0.51612  1.00000
0.51809  0.51809  1.00000
0.52003  0.52003  1.00000
0.52198  0.52199  1.00000
0.52395  0.52395  1.00000
0.52591  0.52591  1.00000
0.52786  0.52786  1.00000
0.52982  0.52982  1.00000
0.53177  0.53177  1.00000
0.53372  0.53372  1.00000
0.53568  0.53568  1.00000
0.53765  0.53765  1.00000
0.53959  0.53959  1.00000
0.54155  0.54155  1.00000
0.54351  0.54351  1.00000
0.54546  0.54546  1.00000
0.54741  0.54741  1.00000
0.54936  0.54936  1.00000
0.55131  0.55131  1.00000
0.55326  0.55326  1.00000
0.55522  0.55522  1.00000
0.55719  0.55719  1.00000
0.55913  0.55913  1.00000
0.56109  0.56109  1.00000
0.56306  0.56306  1.00000
0.56501  0.56501  1.00000
0.56697  0.56697  1.00000
0.56891  0.56891  1.00000
0.57087  0.57087  1.00000
0.57283  0.57283  1.00000
0.57477  0.57477  1.00000
0.57674  0.57674  1.00000
0.57868  0.57868  1.00000
0.58064  0.58064  1.00000
0.58260  0.58260  1.00000
0.58456  0.58456  1.00000
0.58652  0.58652  1.00000
0.58847  0.58847  1.00000
0.59043  0.59043  1.00000
0.59239  0.59239  1.00000
0.59433  0.59433  1.00000
0.59629  0.59629  1.00000
0.59824  0.59824  1.00000
0.60019  0.60019  1.00000
0.60214  0.60214  1.00000
0.60410  0.60410  1.00000
0.60605  0.60605  1.00000
0.60801  0.60801  1.00000
0.60996  0.60996  1.00000
0.61192  0.61192  1.00000
0.61387  0.61387  1.00000
0.61583  0.61583  1.00000
0.61779  0.61779  1.00000
0.61975  0.61975  1.00000
0.62169  0.62169  1.00000
0.62366  0.62366  1.00000
0.62561  0.62561  1.00000
0.62757  0.62757  1.00000
0.62952  0.62952  1.00000
0.63148  0.63148  1.00000
0.63343  0.63343  1.00000
0.63538  0.63538  1.00000
0.63734  0.63734  1.00000
0.63930  0.63930  1.00000
0.64125  0.64125  1.00000
0.64321  0.64321  1.00000
0.64516  0.64516  1.00000
0.64712  0.64712  1.00000
0.64907  0.64907  1.00000
0.65103  0.65103  1.00000
0.65297  0.65297  1.00000
0.65493  0.65493  1.00000
0.65689  0.65689  1.00000
0.65884  0.65884  1.00000
0.66080  0.66080  1.00000
0.66277  0.66277  1.00000
0.66471  0.66471  1.00000
0.66667  0.66667  1.00000
0.66863  0.66863  1.00000
0.67059  0.67059  1.00000
0.67254  0.67254  1.00000
0.67449  0.67449  1.00000
0.67644  0.67644  1.00000
0.67840  0.67840  1.00000
0.68035  0.68035  1.00000
0.68230  0.68230  1.00000
0.68426  0.68426  1.00000
0.68622  0.68622  1.00000
0.68818  0.68818  1.00000
0.69013  0.69013  1.00000
0.69209  0.69209  1.00000
0.69404  0.69404  1.00000
0.69600  0.69600  1.00000
0.69795  0.69795  1.00000
0.69990  0.69990  1.00000
0.70185  0.70185  1.00000
0.70381  0.70381  1.00000
0.70576  0.70576  1.00000
0.70772  0.70772  1.00000
0.70968  0.70968  1.00000
0.71164  0.71164  1.00000
0.71359  0.71359  1.00000
0.71555  0.71555  1.00000
0.71751  0.71751  1.00000
0.71946  0.71946  1.00000
0.72141  0.72141  1.00000
0.72336  0.72336  1.00000
0.72532  0.72532  1.00000
0.72727  0.72727  1.00000
0.72923  0.72923  1.00000
0.73118  0.73118  1.00000
0.73313  0.73313  1.00000
0.73509  0.73509  1.00000
0.73704  0.73704  1.00000
0.73900  0.73900  1.00000
0.74095  0.74095  1.00000
0.74292  0.74292  1.00000
0.74487  0.74487  1.00000
0.74683  0.74683  1.00000
0.74878  0.74878  1.00000
0.75074  0.75074  1.00000
0.75269  0.75269  1.00000
0.75465  0.75465  1.00000
0.75660  0.75660  1.00000
0.75855  0.75855  1.00000
0.76050  0.76050  1.00000
0.76246  0.76246  1.00000
0.76442  0.76442  1.00000
0.76638  0.76638  1.00000
0.76833  0.76833  1.00000
0.77029  0.77029  1.00000
0.77224  0.77224  1.00000
0.77419  0.77419  1.00000
0.77615  0.77615  1.00000
0.77810  0.77810  1.00000
0.78005  0.78005  1.00000
0.78201  0.78201  1.00000
0.78396  0.78396  1.00000
0.78592  0.78592  1.00000
0.78787  0.78787  1.00000
0.78983  0.78983  1.00000
0.79179  0.79179  1.00000
0.79375  0.79375  1.00000
0.79570  0.79570  1.00000
0.79765  0.79765  1.00000
0.79961  0.79961  1.00000
0.80156  0.80156  1.00000
0.80351  0.80351  1.00000
0.80547  0.80547  1.00000
0.80743  0.80743  1.00000
0.80938  0.80938  1.00000
0.81134  0.81134  1.00000
0.81329  0.81329  1.00000
0.81525  0.81525  1.00000
0.81721  0.81721  1.00000
0.81916  0.81916  1.00000
0.82112  0.82112  1.00000
0.82307  0.82307  1.00000
0.82502  0.82502  1.00000
0.82698  0.82698  1.00000
0.82893  0.82893  1.00000
0.83089  0.83089  1.00000
0.83284  0.83284  1.00000
0.83480  0.83480  1.00000
0.83676  0.83676  1.00000
0.83871  0.83871  1.00000
0.84067  0.84067  1.00000
0.84263  0.84263  1.00000
0.84458  0.84458  1.00000
0.84653  0.84653  1.00000
0.84849  0.84849  1.00000
0.85044  0.85044  1.00000
0.85240  0.85240  1.00000
0.85435  0.85435  1.00000
0.85630  0.85630  1.00000
0.85826  0.85826  1.00000
0.86022  0.86022  1.00000
0.86217  0.86217  1.00000
0.86413  0.86413  1.00000
0.86608  0.86608  1.00000
0.86804  0.86804  1.00000
0.86999  0.86999  1.00000
0.87195  0.87195  1.00000
0.87390  0.87390  1.00000
0.87586  0.87586  1.00000
0.87781  0.87781  1.00000
0.87976  0.87976  1.00000
0.88172  0.88172  1.00000
0.88367  0.88367  1.00000
0.88562  0.88562  1.00000
0.88758  0.88758  1.00000
0.88954  0.88954  1.00000
0.89149  0.89149  1.00000
0.89345  0.89345  1.00000
0.89541  0.89541  1.00000
0.89736  0.89736  1.00000
0.89932  0.89932  1.00000
0.90127  0.90127  1.00000
0.90323  0.90323  1.00000
0.90518  0.90518  1.00000
0.90713  0.90713  1.00000
0.90908  0.90908  1.00000
0.91104  0.91104  1.00000
0.91300  0.91300  1.00000
0.91495  0.91495  1.00000
0.91691  0.91691  1.00000
0.91886  0.91886  1.00000
0.92082  0.92082  1.00000
0.92278  0.92278  1.00000
0.92473  0.92473  1.00000
0.92668  0.92668  1.00000
0.92864  0.92864  1.00000
0.93060  0.93060  1.00000
0.93255  0.93255  1.00000
0.93450  0.93450  1.00000
0.93647  0.93647  1.00000
0.93842  0.93842  1.00000
0.94038  0.94038  1.00000
0.94233  0.94233  1.00000
0.94429  0.94429  1.00000
0.94624  0.94624  1.00000
0.94819  0.94819  1.00000
0.95015  0.95015  1.00000
0.95210  0.95210  1.00000
0.95406  0.95406  1.00000
0.95601  0.95601  1.00000
0.95797  0.95797  1.00000
0.95992  0.95992  1.00000
0.96188  0.96188  1.00000
0.96384  0.96384  1.00000
0.96579  0.96579  1.00000
0.96775  0.96775  1.00000
0.96970  0.96970  1.00000
0.97165  0.97165  1.00000
0.97360  0.97360  1.00000
0.97556  0.97556  1.00000
0.97752  0.97751  1.00000
0.97947  0.97947  1.00000
0.98143  0.98143  1.00000
0.98338  0.98338  1.00000
0.98535  0.98534  1.00000
0.98730  0.98730  1.00000
0.98930  0.98930  1.00000
0.99149  0.99149  1.00000
0.99363  0.99363  0.99999
0.99541  0.99541  1.00000
0.99687  0.99655  0.99991
0.99868  0.99698  0.99922
0.99974  0.99701  0.99806
0.99999  0.99657  0.99673
1.00000  0.99541  0.99541
1.00000  0.99362  0.99362
1.00000  0.99149  0.99149
1.00000  0.98930  0.98930
1.00000  0.98730  0.98730
1.00000  0.98534  0.98534
1.00000  0.98338  0.98338
1.00000  0.98143  0.98143
1.00000  0.97947  0.97947
1.00000  0.97751  0.97751
1.00000  0.97556  0.97556
1.00000  0.97360  0.97360
1.00000  0.97165  0.97165
1.00000  0.96970  0.96970
1.00000  0.96775  0.96775
1.00000  0.96579  0.96579
1.00000  0.96384  0.96384
1.00000  0.96188  0.96188
1.00000  0.95992  0.95992
1.00000  0.95797  0.95797
1.00000  0.95601  0.95601
1.00000  0.95406  0.95406
1.00000  0.95210  0.95210
1.00000  0.95015  0.95015
1.00000  0.94819  0.94819
1.00000  0.94624  0.94624
1.00000  0.94429  0.94429
1.00000  0.94233  0.94233
1.00000  0.94038  0.94038
1.00000  0.93842  0.93842
1.00000  0.93647  0.93647
1.00000  0.93450  0.93450
1.00000  0.93255  0.93255
1.00000  0.93060  0.93060
1.00000  0.92864  0.92864
1.00000  0.92668  0.92668
1.00000  0.92473  0.92473
1.00000  0.92278  0.92278
1.00000  0.92082  0.92082
1.00000  0.91886  0.91886
1.00000  0.91691  0.91691
1.00000  0.91495  0.91495
1.00000  0.91300  0.91300
1.00000  0.91104  0.91104
1.00000  0.90908  0.90908
1.00000  0.90713  0.90713
1.00000  0.90518  0.90518
1.00000  0.90323  0.90323
1.00000  0.90127  0.90127
1.00000  0.89932  0.89932
1.00000  0.89736  0.89736
1.00000  0.89541  0.89541
1.00000  0.89345  0.89345
1.00000  0.89149  0.89149
1.00000  0.88954  0.88954
1.00000  0.88758  0.88758
1.00000  0.88562  0.88562
1.00000  0.88367  0.88367
1.00000  0.88172  0.88172
1.00000  0.87976  0.87976
1.00000  0.87781  0.87781
1.00000  0.87586  0.87586
1.00000  0.87390  0.87390
1.00000  0.87195  0.87195
1.00000  0.86999  0.86999
1.00000  0.86804  0.86804
1.00000  0.86608  0.86608
1.00000  0.86413  0.86413
1.00000  0.86217  0.86217
1.00000  0.86022  0.86022
1.00000  0.85826  0.85826
1.00000  0.85630  0.85630
1.00000  0.85435  0.85435
1.00000  0.85240  0.85240
1.00000  0.85044  0.85044
1.00000  0.84849  0.84849
1.00000  0.84653  0.84653
1.00000  0.84458  0.84458
1.00000  0.84263  0.84263
1.00000  0.84067  0.84067
1.00000  0.83871  0.83871
1.00000  0.83676  0.83676
1.00000  0.83480  0.83480
1.00000  0.83284  0.83284
1.00000  0.83089  0.83089
1.00000  0.82893  0.82893
1.00000  0.82698  0.82698
1.00000  0.82502  0.82502
1.00000  0.82307  0.82307
1.00000  0.82112  0.82112
1.00000  0.81916  0.81916
1.00000  0.81721  0.81721
1.00000  0.81525  0.81525
1.00000  0.81329  0.81329
1.00000  0.81134  0.81134
1.00000  0.80938  0.80938
1.00000  0.80743  0.80743
1.00000  0.80547  0.80547
1.00000  0.80351  0.80351
1.00000  0.80156  0.80156
1.00000  0.79961  0.79961
1.00000  0.79765  0.79765
1.00000  0.79570  0.79570
1.00000  0.79375  0.79375
1.00000  0.79179  0.79179
1.00000  0.78983  0.78983
1.00000  0.78787  0.78787
1.00000  0.78592  0.78592
1.00000  0.78396  0.78396
1.00000  0.78201  0.78201
1.00000  0.78005  0.78005
1.00000  0.77810  0.77810
1.00000  0.77615  0.77615
1.00000  0.77419  0.77419
1.00000  0.77224  0.77224
1.00000  0.77029  0.77029
1.00000  0.76833  0.76833
1.00000  0.76638  0.76638
1.00000  0.76442  0.76442
1.00000  0.76246  0.76246
1.00000  0.76050  0.76050
1.00000  0.75855  0.75855
1.00000  0.75660  0.75660
1.00000  0.75465  0.75465
1.00000  0.75269  0.75269
1.00000  0.75074  0.75074
1.00000  0.74878  0.74878
1.00000  0.74683  0.74683
1.00000  0.74487  0.74487
1.00000  0.74292  0.74292
1.00000  0.74095  0.74095
1.00000  0.73900  0.73900
1.00000  0.73704  0.73704
1.00000  0.73509  0.73509
1.00000  0.73313  0.73313
1.00000  0.73118  0.73118
1.00000  0.72923  0.72923
1.00000  0.72727  0.72727
1.00000  0.72532  0.72532
1.00000  0.72336  0.72336
1.00000  0.72141  0.72141
1.00000  0.71946  0.71946
1.00000  0.71751  0.71751
1.00000  0.71555  0.71555
1.00000  0.71359  0.71359
1.00000  0.71164  0.71164
1.00000  0.70968  0.70968
1.00000  0.70772  0.70772
1.00000  0.70576  0.70576
1.00000  0.70381  0.70381
1.00000  0.70185  0.70185
1.00000  0.69990  0.69990
1.00000  0.69795  0.69795
1.00000  0.69600  0.69600
1.00000  0.69404  0.69404
1.00000  0.69209  0.69209
1.00000  0.69013  0.69013
1.00000  0.68818  0.68818
1.00000  0.68622  0.68622
1.00000  0.68426  0.68426
1.00000  0.68230  0.68230
1.00000  0.68035  0.68035
1.00000  0.67840  0.67840
1.00000  0.67644  0.67644
1.00000  0.67449  0.67449
1.00000  0.67254  0.67254
1.00000  0.67059  0.67059
1.00000  0.66863  0.66863
1.00000  0.66667  0.66667
1.00000  0.66471  0.66471
1.00000  0.66277  0.66277
1.00000  0.66080  0.66080
1.00000  0.65884  0.65884
1.00000  0.65689  0.65689
1.00000  0.65493  0.65493
1.00000  0.65297  0.65297
1.00000  0.65103  0.65103
1.00000  0.64907  0.64907
1.00000  0.64712  0.64712
1.00000  0.64516  0.64516
1.00000  0.64321  0.64321
1.00000  0.64125  0.64125
1.00000  0.63930  0.63930
1.00000  0.63734  0.63734
1.00000  0.63538  0.63538
1.00000  0.63343  0.63343
1.00000  0.63148  0.63148
1.00000  0.62952  0.62952
1.00000  0.62757  0.62757
1.00000  0.62561  0.62561
1.00000  0.62366  0.62366
1.00000  0.62169  0.62169
1.00000  0.61975  0.61975
1.00000  0.61779  0.61779
1.00000  0.61583  0.61583
1.00000  0.61387  0.61387
1.00000  0.61192  0.61192
1.00000  0.60996  0.60996
1.00000  0.60801  0.60801
1.00000  0.60605  0.60605
1.00000  0.60410  0.60410
1.00000  0.60214  0.60214
1.00000  0.60019  0.60019
1.00000  0.59824  0.59824
1.00000  0.59629  0.59629
1.00000  0.59433  0.59433
1.00000  0.59239  0.59239
1.00000  0.59043  0.59043
1.00000  0.58847  0.58847
1.00000  0.58652  0.58652
1.00000  0.58456  0.58456
1.00000  0.58260  0.58260
1.00000  0.58064  0.58064
1.00000  0.57868  0.57868
1.00000  0.57674  0.57674
1.00000  0.57477  0.57477
1.00000  0.57283  0.57283
1.00000  0.57087  0.57087
1.00000  0.56891  0.56891
1.00000  0.56697  0.56697
1.00000  0.56501  0.56501
1.00000  0.56306  0.56306
1.00000  0.56109  0.56109
1.00000  0.55913  0.55913
1.00000  0.55719  0.55719
1.00000  0.55522  0.55522
1.00000  0.55326  0.55326
1.00000  0.55131  0.55131
1.00000  0.54936  0.54936
1.00000  0.54741  0.54741
1.00000  0.54546  0.54546
1.00000  0.54351  0.54351
1.00000  0.54155  0.54155
1.00000  0.53959  0.53959
1.00000  0.53765  0.53765
1.00000  0.53568  0.53568
1.00000  0.53372  0.53372
1.00000  0.53177  0.53177
1.00000  0.52982  0.52982
1.00000  0.52786  0.52786
1.00000  0.52591  0.52591
1.00000  0.52395  0.52395
1.00000  0.52199  0.52199
1.00000  0.52003  0.52003
1.00000  0.51809  0.51809
1.00000  0.51612  0.51612
1.00000  0.51418  0.51418
1.00000  0.51221  0.51221
1.00000  0.51026  0.51026
1.00000  0.50831  0.50831
1.00000  0.50635  0.50635
1.00000  0.50440  0.50440
1.00000  0.50244  0.50244
1.00000  0.50048  0.50048
1.00000  0.49854  0.49854
1.00000  0.49657  0.49657
1.00000  0.49463  0.49463
1.00000  0.49266  0.49266
1.00000  0.49072  0.49072
1.00000  0.48876  0.48876
1.00000  0.48680  0.48680
1.00000  0.48484  0.48484
1.00000  0.48289  0.48289
1.00000  0.48093  0.48093
1.00000  0.47898  0.47898
1.00000  0.47703  0.47703
1.00000  0.47508  0.47508
1.00000  0.47311  0.47311
1.00000  0.47117  0.47117
1.00000  0.46922  0.46922
1.00000  0.46726  0.46726
1.00000  0.46530  0.46530
1.00000  0.46335  0.46335
1.00000  0.46140  0.46140
1.00000  0.45944  0.45944
1.00000  0.45747  0.45747
1.00000  0.45552  0.45552
1.00000  0.45356  0.45356
1.00000  0.45161  0.45161
1.00000  0.44966  0.44966
1.00000  0.44770  0.44770
1.00000  0.44575  0.44575
1.00000  0.44380  0.44380
1.00000  0.44185  0.44185
1.00000  0.43989  0.43989
1.00000  0.43794  0.43794
1.00000  0.43598  0.43598
1.00000  0.43400  0.43400
1.00000  0.43206  0.43206
1.00000  0.43010  0.43010
1.00000  0.42815  0.42815
1.00000  0.42619  0.42619
1.00000  0.42425  0.42425
1.00000  0.42229  0.42229
1.00000  0.42034  0.42034
1.00000  0.41838  0.41838
1.00000  0.41643  0.41643
1.00000  0.41447  0.41447
1.00000  0.41252  0.41252
1.00000  0.41057  0.41057
1.00000  0.40860  0.40860
1.00000  0.40665  0.40665
1.00000  0.40469  0.40469
1.00000  0.40274  0.40274
1.00000  0.40080  0.40080
1.00000  0.39883  0.39883
1.00000  0.39687  0.39687
1.00000  0.39492  0.39492
1.00000  0.39296  0.39296
1.00000  0.39102  0.39102
1.00000  0.38906  0.38906
1.00000  0.38709  0.38709
1.00000  0.38514  0.38514
1.00000  0.38319  0.38319
1.00000  0.38124  0.38124
1.00000  0.37927  0.37927
1.00000  0.37731  0.37731
1.00000  0.37535  0.37535
1.00000  0.37340  0.37340
1.00000  0.37144  0.37144
1.00000  0.36949  0.36949
1.00000  0.36754  0.36754
1.00000  0.36559  0.36559
1.00000  0.36364  0.36364
1.00000  0.36169  0.36169
1.00000  0.35973  0.35973
1.00000  0.35778  0.35778
1.00000  0.35582  0.35582
1.00000  0.35385  0.35385
1.00000  0.35189  0.35189
1.00000  0.34995  0.34995
1.00000  0.34800  0.34800
1.00000  0.34603  0.34603
1.00000  0.34408  0.34408
1.00000  0.34213  0.34213
1.00000  0.34017  0.34017
1.00000  0.33820  0.33820
1.00000  0.33625  0.33625
1.00000  0.33431  0.33431
1.00000  0.33235  0.33235
1.00000  0.33039  0.33039
1.00000  0.32843  0.32843
1.00000  0.32647  0.32647
1.00000  0.32453  0.32453
1.00000  0.32260  0.32260
1.00000  0.32064  0.32064
1.00000  0.31868  0.31868
1.00000  0.31672  0.31672
1.00000  0.31475  0.31475
1.00000  0.31280  0.31280
1.00000  0.31085  0.31085
1.00000  0.30890  0.30889
1.00000  0.30692  0.30692
1.00000  0.30497  0.30497
1.00000  0.30301  0.30301
1.00000  0.30107  0.30107
1.00000  0.29913  0.29913
1.00000  0.29718  0.29718
1.00000  0.29522  0.29522
1.00000  0.29326  0.29326
1.00000  0.29132  0.29132
1.00000  0.28936  0.28936
1.00000  0.28738  0.28738
1.00000  0.28542  0.28542
1.00000  0.28347  0.28347
1.00000  0.28151  0.28151
1.00000  0.27957  0.27957
1.00000  0.27762  0.27762
1.00000  0.27568  0.27568
1.00000  0.27372  0.27372
1.00000  0.27174  0.27174
1.00000  0.26981  0.26981
1.00000  0.26783  0.26783
1.00000  0.26590  0.26590
1.00000  0.26394  0.26394
1.00000  0.26197  0.26197
1.00000  0.26001  0.26001
1.00000  0.25804  0.25804
1.00000  0.25609  0.25609
1.00000  0.25415  0.25415
1.00000  0.25220  0.25220
1.00000  0.25022  0.25022
1.00000  0.24831  0.24831
1.00000  0.24634  0.24634
1.00000  0.24438  0.24438
1.00000  0.24243  0.24243
1.00000  0.24046  0.24046
1.00000  0.23850  0.23850
1.00000  0.23656  0.23656
1.00000  0.23460  0.23460
1.00000  0.23263  0.23263
1.00000  0.23067  0.23067
1.00000  0.22874  0.22874
1.00000  0.22679  0.22679
1.00000  0.22480  0.22480
1.00000  0.22288  0.22288
1.00000  0.22094  0.22094
1.00000  0.21896  0.21896
1.00000  0.21701  0.21701
1.00000  0.21503  0.21503
1.00000  0.21307  0.21307
1.00000  0.21113  0.21113
1.00000  0.20916  0.20916
1.00000  0.20722  0.20722
1.00000  0.20525  0.20525
1.00000  0.20331  0.20331
1.00000  0.20133  0.20133
1.00000  0.19938  0.19938
1.00000  0.19745  0.19745
1.00000  0.19549  0.19549
1.00000  0.19355  0.19355
1.00000  0.19157  0.19157
1.00000  0.18962  0.18962
1.00000  0.18769  0.18769
1.00000  0.18574  0.18574
1.00000  0.18376  0.18376
1.00000  0.18181  0.18181
1.00000  0.17987  0.17987
1.00000  0.17795  0.17795
1.00000  0.17594  0.17594
1.00000  0.17401  0.17401
1.00000  0.17204  0.17204
1.00000  0.17010  0.17010
1.00000  0.16813  0.16813
1.00000  0.16618  0.16618
1.00000  0.16425  0.16425
1.00000  0.16229  0.16229
1.00000  0.16028  0.16028
1.00000  0.15837  0.15837
1.00000  0.15642  0.15642
1.00000  0.15444  0.15444
1.00000  0.15248  0.15248
1.00000  0.15054  0.15054
1.00000  0.14857  0.14857
1.00000  0.14661  0.14661
1.00000  0.14468  0.14468
1.00000  0.14271  0.14271
1.00000  0.14076  0.14076
1.00000  0.13878  0.13878
1.00000  0.13683  0.13683
1.00000  0.13491  0.13491
1.00000  0.13294  0.13294
1.00000  0.13100  0.13100
1.00000  0.12900  0.12900
1.00000  0.12704  0.12704
1.00000  0.12511  0.12511
1.00000  0.12313  0.12313
1.00000  0.12119  0.12119
1.00000  0.11927  0.11927
1.00000  0.11729  0.11729
1.00000  0.11533  0.11533
1.00000  0.11340  0.11340
1.00000  0.11141  0.11141
1.00000  0.10947  0.10947
1.00000  0.10749  0.10749
1.00000  0.10555  0.10555
1.00000  0.10364  0.10364
1.00000  0.10166  0.10166
1.00000  0.09970  0.09970
1.00000  0.09777  0.09777
1.00000  0.09578  0.09578
1.00000  0.09382  0.09382
1.00000  0.09192  0.09192
1.00000  0.08995  0.08995
1.00000  0.08801  0.08801
1.00000  0.08600  0.08600
1.00000  0.08414  0.08414
1.00000  0.08220  0.08220
1.00000  0.08018  0.08018
1.00000  0.07820  0.07820
1.00000  0.07625  0.07625
1.00000  0.07433  0.07433
1.00000  0.07233  0.07233
1.00000  0.07038  0.07038
1.00000  0.06846  0.06846
1.00000  0.06644  0.06644
1.00000  0.06447  0.06447
1.00000  0.06256  0.06256
1.00000  0.06058  0.06058
1.00000  0.05863  0.05863
1.00000  0.05674  0.05674
1.00000  0.05474  0.05474
1.00000  0.05276  0.05276
1.00000  0.05082  0.05082
1.00000  0.04893  0.04893
1.00000  0.04693  0.04693
1.00000  0.04499  0.04499
1.00000  0.04293  0.04293
1.00000  0.04109  0.04109
1.00000  0.03910  0.03910
1.00000  0.03717  0.03716
1.00000  0.03528  0.03528
1.00000  0.03319  0.03319
1.00000  0.03128  0.03128
1.00000  0.02934  0.02934
1.00000  0.02738  0.02738
1.00000  0.02542  0.02542
1.00000  0.02346  0.02346
1.00000  0.02150  0.02150
1.00000  0.01954  0.01954
1.00000  0.01759  0.01759
1.00000  0.01564  0.01564
1.00000  0.01373  0.01373
1.00000  0.01184  0.01184
1.00000  0.00974  0.00974
1.00000  0.00782  0.00782
1.00000  0.00588  0.00588
1.00000  0.00393  0.00393
1.00000  0.00197  0.00197
1.00000  0.00000  0.00000
