1024
0.00000  0.00000  0.00000
0.01924  0.00000  0.00526
0.03704  0.00000  0.01152
0.05166  0.00003  0.01810
0.06250  0.00000  0.02457
0.07053  0.00000  0.03067
0.07702  0.00000  0.03684
0.08283  0.00000  0.04283
0.08843  0.00000  0.04912
0.09384  0.00000  0.05527
0.09892  0.00000  0.06137
0.10375  0.00000  0.06753
0.10831  0.00000  0.07365
0.11281  0.00000  0.07973
0.11702  0.00000  0.08595
0.12108  0.00000  0.09218
0.12505  0.00000  0.09814
0.12890  0.00004  0.10401
0.13263  0.00008  0.11018
0.13625  0.00004  0.11641
0.13982  0.00001  0.12253
0.14330  0.00002  0.12864
0.14664  0.00002  0.13476
0.14998  0.00001  0.14083
0.15316  0.00001  0.14686
0.15637  0.00001  0.15291
0.15943  0.00001  0.15901
0.16250  0.00001  0.16507
0.16544  0.00002  0.17114
0.16837  0.00003  0.17719
0.17125  0.00002  0.18321
0.17409  0.00002  0.18927
0.17685  0.00003  0.19528
0.17957  0.00008  0.20127
0.18224  0.00013  0.20731
0.18493  0.00013  0.21329
0.18759  0.00005  0.21931
0.19016  0.00000  0.22529
0.19273  0.00000  0.23129
0.19525  0.00003  0.23728
0.19774  0.00006  0.24321
0.20019  0.00006  0.24918
0.20262  0.00007  0.25514
0.20502  0.00008  0.26106
0.20740  0.00008  0.26697
0.20973  0.00008  0.27289
0.21206  0.00009  0.27879
0.21434  0.00010  0.28467
0.21662  0.00010  0.29054
0.21885  0.00010  0.29642
0.22109  0.00011  0.30228
0.22328  0.00012  0.30814
0.22545  0.00013  0.31399
0.22761  0.00014  0.31982
0.22972  0.00015  0.32562
0.23187  0.00016  0.33142
0.23395  0.00017  0.33722
0.23605  0.00017  0.34300
0.23811  0.00018  0.34875
0.24015  0.00019  0.35450
0.24219  0.00020  0.36023
0.24419  0.00021  0.36596
0.24619  0.00022  0.37166
0.24819  0.00024  0.37736
0.25012  0.00025  0.38305
0.25209  0.00026  0.38871
0.25402  0.00027  0.39436
0.25592  0.00029  0.39999
0.25782  0.00030  0.40562
0.25973  0.00031  0.41122
0.26159  0.00032  0.41682
0.26345  0.00034  0.42238
0.26528  0.00035  0.42795
0.26711  0.00036  0.43348
0.26896  0.00037  0.43900
0.27077  0.00039  0.44453
0.27255  0.00041  0.45001
0.27435  0.00042  0.45549
0.27614  0.00044  0.46095
0.27790  0.00046  0.46640
0.27966  0.00048  0.47183
0.28139  0.00049  0.47723
0.28314  0.00051  0.48262
0.28484  0.00054  0.48799
0.28655  0.00056  0.49333
0.28826  0.00057  0.49867
0.28995  0.00059  0.50399
0.29164  0.00061  0.50929
0.29330  0.00064  0.51457
0.29496  0.00065  0.51982
0.29663  0.00068  0.52505
0.29825  0.00070  0.53027
0.29990  0.00072  0.53546
0.30151  0.00075  0.54064
0.30312  0.00077  0.54580
0.30474  0.00080  0.55093
0.30635  0.00082  0.55604
0.30792  0.00085  0.56114
0.30952  0.00088  0.56621
0.31109  0.00090  0.57127
0.31264  0.00093  0.57631
0.31421  0.00096  0.58131
0.31577  0.00099  0.58630
0.31730  0.00102  0.59126
0.31884  0.00105  0.59620
0.32038  0.00108  0.60112
0.32190  0.00111  0.60601
0.32342  0.00115  0.61090
0.32492  0.00118  0.61574
0.32643  0.00121  0.62058
0.32793  0.00124  0.62537
0.32943  0.00128  0.63015
0.33089  0.00131  0.63490
0.33238  0.00134  0.63964
0.33383  0.00138  0.64434
0.33529  0.00142  0.64904
0.33673  0.00146  0.65370
0.33817  0.00149  0.65833
0.33963  0.00153  0.66295
0.34106  0.00158  0.66754
0.34249  0.00162  0.67210
0.34390  0.00166  0.67663
0.34533  0.00170  0.68113
0.34675  0.00174  0.68563
0.34816  0.00178  0.69008
0.34956  0.00183  0.69451
0.35096  0.00187  0.69891
0.35234  0.00192  0.70330
0.35372  0.00196  0.70764
0.35512  0.00201  0.71197
0.35649  0.00206  0.71627
0.35786  0.00210  0.72054
0.35921  0.00215  0.72479
0.36056  0.00220  0.72900
0.36193  0.00225  0.73320
0.36327  0.00230  0.73736
0.36461  0.00235  0.74149
0.36596  0.00240  0.74560
0.36729  0.00246  0.74967
0.36863  0.00251  0.75373
0.36994  0.00257  0.75776
0.37125  0.00262  0.76175
0.37257  0.00268  0.76572
0.37388  0.00273  0.76965
0.37518  0.00279  0.77355
0.37649  0.00284  0.77744
0.37777  0.00290  0.78128
0.37906  0.00296  0.78510
0.38035  0.00302  0.78889
0.38164  0.00308  0.79265
0.38292  0.00315  0.79638
0.38420  0.00321  0.80009
0.38546  0.00328  0.80375
0.38673  0.00335  0.80739
0.38799  0.00341  0.81100
0.38925  0.00348  0.81458
0.39050  0.00355  0.81812
0.39175  0.00362  0.82164
0.39299  0.00369  0.82512
0.39423  0.00376  0.82858
0.39548  0.00383  0.83200
0.39670  0.00390  0.83539
0.39794  0.00397  0.83875
0.39915  0.00405  0.84209
0.40039  0.00412  0.84538
0.40160  0.00420  0.84865
0.40281  0.00428  0.85188
0.40403  0.00435  0.85508
0.40524  0.00443  0.85824
0.40644  0.00451  0.86138
0.40764  0.00459  0.86448
0.40884  0.00467  0.86756
0.41004  0.00475  0.87059
0.41122  0.00483  0.87360
0.41242  0.00492  0.87657
0.41360  0.00501  0.87951
0.41478  0.00510  0.88242
0.41596  0.00518  0.88529
0.41714  0.00527  0.88813
0.41829  0.00536  0.89093
0.41947  0.00545  0.89370
0.42062  0.00554  0.89644
0.42178  0.00563  0.89915
0.42294  0.00573  0.90182
0.42410  0.00582  0.90445
0.42526  0.00591  0.90706
0.42640  0.00601  0.90963
0.42755  0.00611  0.91217
0.42869  0.00621  0.91467
0.42983  0.00630  0.91713
0.43097  0.00640  0.91956
0.43211  0.00651  0.92196
0.43323  0.00661  0.92432
0.43436  0.00671  0.92664
0.43549  0.00681  0.92893
0.43661  0.00692  0.93120
0.43773  0.00703  0.93342
0.43882  0.00715  0.93560
0.43995  0.00725  0.93775
0.44105  0.00735  0.93987
0.44217  0.00747  0.94194
0.44326  0.00759  0.94399
0.44437  0.00771  0.94600
0.44546  0.00781  0.94797
0.44656  0.00792  0.94991
0.44764  0.00805  0.95181
0.44874  0.00817  0.95368
0.44983  0.00828  0.95551
0.45092  0.00840  0.95730
0.45200  0.00853  0.95906
0.45308  0.00865  0.96078
0.45416  0.00877  0.96246
0.45524  0.00890  0.96411
0.45630  0.00903  0.96572
0.45737  0.00916  0.96730
0.45845  0.00929  0.96884
0.45952  0.00941  0.97035
0.46056  0.00955  0.97181
0.46163  0.00968  0.97324
0.46267  0.00981  0.97464
0.46373  0.00994  0.97599
0.46478  0.01008  0.97731
0.46582  0.01021  0.97859
0.46689  0.01035  0.97984
0.46793  0.01049  0.98105
0.46898  0.01064  0.98221
0.47002  0.01078  0.98335
0.47106  0.01092  0.98445
0.47211  0.01106  0.98551
0.47313  0.01123  0.98653
0.47416  0.01137  0.98752
0.47520  0.01151  0.98847
0.47622  0.01165  0.98938
0.47724  0.01183  0.99025
0.47827  0.01198  0.99109
0.47929  0.01213  0.99189
0.48031  0.01228  0.99266
0.48132  0.01245  0.99337
0.48234  0.01260  0.99406
0.48335  0.01274  0.99471
0.48436  0.01290  0.99533
0.48537  0.01308  0.99589
0.48638  0.01325  0.99643
0.48739  0.01339  0.99694
0.48839  0.01355  0.99741
0.48938  0.01375  0.99782
0.49039  0.01394  0.99820
0.49139  0.01410  0.99855
0.49237  0.01426  0.99886
0.49336  0.01442  0.99914
0.49436  0.01460  0.99937
0.49534  0.01480  0.99957
0.49632  0.01497  0.99973
0.49731  0.01511  0.99986
0.49829  0.01528  0.99995
0.49926  0.01549  0.99999
0.50024  0.01569  0.99999
0.50122  0.01585  0.99997
0.50219  0.01603  0.99991
0.50316  0.01623  0.99980
0.50415  0.01643  0.99966
0.50510  0.01660  0.99949
0.50606  0.01678  0.99927
0.50703  0.01699  0.99901
0.50801  0.01720  0.99871
0.50896  0.01738  0.99838
0.50992  0.01757  0.99802
0.51088  0.01778  0.99761
0.51184  0.01799  0.99717
0.51279  0.01818  0.99670
0.51375  0.01838  0.99618
0.51470  0.01859  0.99562
0.51564  0.01880  0.99502
0.51659  0.01900  0.99439
0.51754  0.01920  0.99372
0.51849  0.01942  0.99302
0.51943  0.01964  0.99227
0.52036  0.01985  0.99149
0.52130  0.02006  0.99068
0.52223  0.02029  0.98983
0.52318  0.02052  0.98893
0.52410  0.02073  0.98800
0.52503  0.02094  0.98704
0.52597  0.02118  0.98603
0.52691  0.02141  0.98499
0.52782  0.02162  0.98391
0.52875  0.02184  0.98279
0.52967  0.02208  0.98164
0.53059  0.02232  0.98045
0.53151  0.02254  0.97922
0.53243  0.02277  0.97795
0.53334  0.02300  0.97665
0.53426  0.02325  0.97531
0.53518  0.02349  0.97395
0.53609  0.02374  0.97254
0.53700  0.02398  0.97108
0.53791  0.02422  0.96959
0.53882  0.02447  0.96808
0.53972  0.02473  0.96653
0.54063  0.02497  0.96493
0.54152  0.02521  0.96330
0.54244  0.02547  0.96163
0.54334  0.02573  0.95993
0.54423  0.02598  0.95819
0.54513  0.02624  0.95641
0.54603  0.02650  0.95460
0.54692  0.02676  0.95275
0.54781  0.02702  0.95087
0.54871  0.02729  0.94894
0.54959  0.02756  0.94699
0.55048  0.02783  0.94501
0.55138  0.02810  0.94298
0.55227  0.02837  0.94091
0.55314  0.02864  0.93882
0.55403  0.02892  0.93669
0.55491  0.02919  0.93451
0.55578  0.02947  0.93230
0.55666  0.02975  0.93007
0.55754  0.03003  0.92780
0.55841  0.03032  0.92549
0.55929  0.03061  0.92315
0.56016  0.03090  0.92077
0.56103  0.03119  0.91836
0.56190  0.03148  0.91590
0.56277  0.03177  0.91342
0.56364  0.03206  0.91090
0.56450  0.03237  0.90835
0.56536  0.03267  0.90577
0.56623  0.03297  0.90315
0.56710  0.03326  0.90050
0.56796  0.03354  0.89781
0.56882  0.03383  0.89509
0.56968  0.03414  0.89233
0.57054  0.03449  0.88953
0.57140  0.03485  0.88671
0.57225  0.03518  0.88386
0.57311  0.03547  0.88096
0.57395  0.03576  0.87805
0.57480  0.03605  0.87509
0.57566  0.03637  0.87211
0.57651  0.03670  0.86908
0.57735  0.03704  0.86603
0.57819  0.03737  0.86295
0.57905  0.03770  0.85982
0.57989  0.03802  0.85666
0.58073  0.03836  0.85348
0.58157  0.03869  0.85026
0.58240  0.03902  0.84701
0.58324  0.03936  0.84372
0.58408  0.03970  0.84042
0.58492  0.04004  0.83707
0.58576  0.04038  0.83370
0.58659  0.04072  0.83029
0.58742  0.04109  0.82685
0.58825  0.04147  0.82338
0.58908  0.04184  0.81988
0.58991  0.04219  0.81635
0.59074  0.04251  0.81279
0.59157  0.04282  0.80920
0.59240  0.04315  0.80557
0.59322  0.04353  0.80192
0.59404  0.04394  0.79824
0.59486  0.04435  0.79453
0.59568  0.04475  0.79078
0.59650  0.04510  0.78701
0.59732  0.04543  0.78320
0.59813  0.04575  0.77937
0.59896  0.04612  0.77550
0.59977  0.04652  0.77161
0.60058  0.04693  0.76768
0.60139  0.04729  0.76374
0.60221  0.04763  0.75975
0.60302  0.04801  0.75574
0.60383  0.04847  0.75171
0.60464  0.04892  0.74765
0.60544  0.04931  0.74355
0.60625  0.04967  0.73943
0.60706  0.05005  0.73528
0.60787  0.05045  0.73110
0.60868  0.05085  0.72690
0.60948  0.05125  0.72266
0.61028  0.05166  0.71841
0.61108  0.05207  0.71413
0.61188  0.05248  0.70981
0.61267  0.05289  0.70547
0.61347  0.05331  0.70111
0.61426  0.05373  0.69672
0.61506  0.05414  0.69230
0.61585  0.05456  0.68785
0.61665  0.05498  0.68338
0.61743  0.05541  0.67889
0.61823  0.05583  0.67436
0.61902  0.05626  0.66982
0.61981  0.05670  0.66524
0.62060  0.05710  0.66065
0.62138  0.05750  0.65603
0.62217  0.05795  0.65138
0.62296  0.05844  0.64671
0.62375  0.05893  0.64201
0.62452  0.05939  0.63729
0.62530  0.05982  0.63253
0.62608  0.06024  0.62777
0.62686  0.06065  0.62298
0.62765  0.06107  0.61815
0.62843  0.06152  0.61331
0.62921  0.06204  0.60846
0.62998  0.06256  0.60358
0.63076  0.06302  0.59866
0.63153  0.06346  0.59374
0.63231  0.06391  0.58878
0.63308  0.06438  0.58381
0.63385  0.06485  0.57881
0.63462  0.06532  0.57378
0.63539  0.06580  0.56873
0.63616  0.06628  0.56369
0.63693  0.06676  0.55859
0.63769  0.06724  0.55348
0.63846  0.06773  0.54837
0.63922  0.06823  0.54323
0.63999  0.06874  0.53806
0.64075  0.06924  0.53286
0.64151  0.06971  0.52765
0.64228  0.07016  0.52243
0.64304  0.07067  0.51719
0.64379  0.07122  0.51192
0.64455  0.07172  0.50664
0.64531  0.07218  0.50135
0.64607  0.07269  0.49601
0.64682  0.07325  0.49067
0.64758  0.07376  0.48530
0.64833  0.07424  0.47994
0.64909  0.07476  0.47453
0.64983  0.07530  0.46911
0.65058  0.07583  0.46367
0.65134  0.07635  0.45823
0.65209  0.07689  0.45277
0.65283  0.07743  0.44727
0.65358  0.07796  0.44178
0.65434  0.07847  0.43627
0.65508  0.07902  0.43073
0.65582  0.07958  0.42517
0.65657  0.08012  0.41960
0.65732  0.08064  0.41403
0.65806  0.08122  0.40842
0.65878  0.08182  0.40279
0.65953  0.08234  0.39716
0.66029  0.08282  0.39154
0.66102  0.08341  0.38587
0.66175  0.08406  0.38020
0.66249  0.08459  0.37452
0.66325  0.08505  0.36883
0.66397  0.08562  0.36310
0.66469  0.08628  0.35738
0.66543  0.08687  0.35162
0.66620  0.08733  0.34586
0.66693  0.08790  0.34011
0.66765  0.08855  0.33433
0.66837  0.08917  0.32853
0.66912  0.08968  0.32273
0.66987  0.09020  0.31690
0.67061  0.09078  0.31107
0.67131  0.09146  0.30523
0.67200  0.09214  0.29938
0.67275  0.09265  0.29349
0.67350  0.09318  0.28759
0.67422  0.09385  0.28172
0.67489  0.09462  0.27585
0.67562  0.09523  0.26994
0.67638  0.09576  0.26401
0.67711  0.09633  0.25806
0.67780  0.09704  0.25216
0.67852  0.09769  0.24619
0.67926  0.09826  0.24021
0.67998  0.09884  0.23425
0.68068  0.09950  0.22830
0.68140  0.10012  0.22230
0.68213  0.10072  0.21632
0.68285  0.10136  0.21030
0.68355  0.10203  0.20433
0.68426  0.10269  0.19829
0.68499  0.10334  0.19226
0.68570  0.10396  0.18624
0.68640  0.10457  0.18021
0.68712  0.10523  0.17418
0.68783  0.10590  0.16810
0.68855  0.10657  0.16207
0.68926  0.10721  0.15603
0.68996  0.10783  0.14995
0.69067  0.10848  0.14383
0.69138  0.10920  0.13776
0.69209  0.10989  0.13168
0.69280  0.11055  0.12557
0.69350  0.11124  0.11943
0.69421  0.11192  0.11337
0.69491  0.11262  0.10729
0.69561  0.11333  0.10116
0.69631  0.11399  0.09508
0.69701  0.11467  0.08895
0.69771  0.11538  0.08288
0.69841  0.11610  0.07671
0.69911  0.11678  0.07058
0.69981  0.11745  0.06446
0.70051  0.11818  0.05842
0.70121  0.11888  0.05244
0.70190  0.11958  0.04639
0.70260  0.12030  0.04011
0.70330  0.12101  0.03331
0.70400  0.12172  0.02656
0.70469  0.12246  0.02015
0.70538  0.12319  0.01458
0.70608  0.12390  0.00994
0.70677  0.12463  0.00583
0.70746  0.12539  0.00244
0.70814  0.12614  0.00036
0.70883  0.12681  0.00000
0.70951  0.12756  0.00000
0.71020  0.12832  0.00000
0.71089  0.12905  0.00000
0.71158  0.12985  0.00000
0.71227  0.13061  0.00000
0.71296  0.13134  0.00000
0.71365  0.13210  0.00000
0.71433  0.13286  0.00000
0.71502  0.13363  0.00000
0.71570  0.13442  0.00000
0.71638  0.13519  0.00000
0.71706  0.13592  0.00000
0.71774  0.13671  0.00000
0.71842  0.13752  0.00000
0.71910  0.13830  0.00000
0.71978  0.13904  0.00000
0.72046  0.13982  0.00000
0.72114  0.14065  0.00000
0.72182  0.14144  0.00000
0.72249  0.14222  0.00000
0.72317  0.14302  0.00000
0.72384  0.14382  0.00000
0.72452  0.14463  0.00000
0.72520  0.14546  0.00000
0.72587  0.14625  0.00000
0.72654  0.14708  0.00000
0.72721  0.14791  0.00000
0.72789  0.14872  0.00000
0.72856  0.14958  0.00000
0.72923  0.15039  0.00000
0.72990  0.15120  0.00000
0.73057  0.15203  0.00000
0.73123  0.15286  0.00000
0.73190  0.15370  0.00000
0.73257  0.15455  0.00000
0.73324  0.15540  0.00000
0.73390  0.15627  0.00000
0.73457  0.15709  0.00000
0.73524  0.15795  0.00000
0.73590  0.15882  0.00000
0.73656  0.15964  0.00000
0.73723  0.16051  0.00000
0.73789  0.16142  0.00000
0.73855  0.16229  0.00000
0.73922  0.16317  0.00000
0.73988  0.16408  0.00000
0.74054  0.16493  0.00000
0.74119  0.16581  0.00000
0.74185  0.16672  0.00000
0.74251  0.16758  0.00000
0.74317  0.16845  0.00000
0.74382  0.16937  0.00000
0.74448  0.17025  0.00000
0.74513  0.17115  0.00000
0.74579  0.17207  0.00000
0.74645  0.17298  0.00000
0.74711  0.17390  0.00000
0.74776  0.17484  0.00000
0.74842  0.17573  0.00000
0.74907  0.17665  0.00000
0.74971  0.17761  0.00000
0.75037  0.17853  0.00000
0.75102  0.17944  0.00000
0.75167  0.18036  0.00000
0.75231  0.18130  0.00000
0.75296  0.18224  0.00000
0.75361  0.18319  0.00000
0.75426  0.18414  0.00000
0.75491  0.18510  0.00000
0.75556  0.18604  0.00000
0.75621  0.18698  0.00000
0.75685  0.18796  0.00000
0.75750  0.18891  0.00000
0.75815  0.18988  0.00000
0.75879  0.19085  0.00000
0.75943  0.19184  0.00000
0.76008  0.19282  0.00000
0.76072  0.19382  0.00000
0.76136  0.19480  0.00000
0.76200  0.19577  0.00000
0.76264  0.19679  0.00000
0.76328  0.19776  0.00000
0.76392  0.19875  0.00000
0.76456  0.19975  0.00000
0.76520  0.20074  0.00000
0.76584  0.20174  0.00000
0.76647  0.20275  0.00000
0.76711  0.20378  0.00000
0.76775  0.20479  0.00000
0.76839  0.20582  0.00000
0.76903  0.20686  0.00000
0.76966  0.20787  0.00000
0.77030  0.20889  0.00000
0.77093  0.20992  0.00000
0.77156  0.21096  0.00000
0.77219  0.21201  0.00000
0.77283  0.21302  0.00000
0.77346  0.21409  0.00000
0.77409  0.21513  0.00000
0.77473  0.21621  0.00000
0.77535  0.21726  0.00000
0.77598  0.21831  0.00000
0.77661  0.21938  0.00000
0.77724  0.22047  0.00000
0.77786  0.22153  0.00000
0.77849  0.22262  0.00000
0.77912  0.22370  0.00000
0.77975  0.22477  0.00000
0.78038  0.22589  0.00000
0.78100  0.22696  0.00000
0.78163  0.22805  0.00000
0.78225  0.22913  0.00000
0.78287  0.23022  0.00000
0.78350  0.23136  0.00000
0.78413  0.23247  0.00000
0.78476  0.23356  0.00000
0.78538  0.23471  0.00000
0.78600  0.23581  0.00000
0.78662  0.23693  0.00000
0.78724  0.23803  0.00000
0.78785  0.23916  0.00000
0.78848  0.24028  0.00000
0.78910  0.24144  0.00000
0.78972  0.24257  0.00000
0.79034  0.24370  0.00000
0.79096  0.24484  0.00000
0.79157  0.24600  0.00000
0.79219  0.24716  0.00000
0.79281  0.24833  0.00000
0.79343  0.24946  0.00000
0.79404  0.25062  0.00000
0.79465  0.25180  0.00000
0.79527  0.25297  0.00000
0.79588  0.25416  0.00000
0.79649  0.25534  0.00000
0.79711  0.25651  0.00000
0.79772  0.25770  0.00000
0.79833  0.25890  0.00000
0.79895  0.26009  0.00000
0.79956  0.26128  0.00000
0.80017  0.26248  0.00000
0.80078  0.26370  0.00000
0.80139  0.26488  0.00000
0.80200  0.26611  0.00000
0.80261  0.26729  0.00000
0.80322  0.26853  0.00000
0.80383  0.26976  0.00000
0.80444  0.27098  0.00000
0.80504  0.27218  0.00000
0.80564  0.27344  0.00000
0.80625  0.27466  0.00000
0.80686  0.27593  0.00000
0.80746  0.27717  0.00000
0.80807  0.27843  0.00000
0.80868  0.27969  0.00000
0.80928  0.28094  0.00000
0.80988  0.28222  0.00000
0.81048  0.28347  0.00000
0.81109  0.28473  0.00000
0.81169  0.28599  0.00000
0.81229  0.28726  0.00000
0.81289  0.28855  0.00000
0.81350  0.28982  0.00000
0.81410  0.29112  0.00000
0.81470  0.29240  0.00000
0.81530  0.29369  0.00000
0.81590  0.29499  0.00000
0.81650  0.29630  0.00000
0.81710  0.29761  0.00000
0.81769  0.29893  0.00000
0.81829  0.30023  0.00000
0.81888  0.30154  0.00000
0.81948  0.30286  0.00000
0.82008  0.30419  0.00000
0.82068  0.30553  0.00000
0.82128  0.30685  0.00000
0.82187  0.30818  0.00000
0.82247  0.30954  0.00000
0.82306  0.31089  0.00000
0.82365  0.31221  0.00000
0.82424  0.31358  0.00000
0.82484  0.31492  0.00000
0.82543  0.31629  0.00000
0.82602  0.31765  0.00000
0.82662  0.31901  0.00000
0.82721  0.32039  0.00000
0.82779  0.32175  0.00000
0.82839  0.32314  0.00000
0.82898  0.32451  0.00000
0.82956  0.32589  0.00000
0.83015  0.32728  0.00000
0.83074  0.32869  0.00000
0.83133  0.33009  0.00000
0.83192  0.33148  0.00000
0.83250  0.33290  0.00000
0.83309  0.33431  0.00000
0.83368  0.33572  0.00000
0.83427  0.33714  0.00000
0.83485  0.33856  0.00000
0.83544  0.34000  0.00000
0.83602  0.34143  0.00000
0.83660  0.34287  0.00000
0.83719  0.34429  0.00000
0.83777  0.34574  0.00000
0.83835  0.34720  0.00000
0.83893  0.34865  0.00000
0.83952  0.35010  0.00000
0.84010  0.35155  0.00000
0.84068  0.35302  0.00000
0.84126  0.35448  0.00000
0.84184  0.35594  0.00000
0.84243  0.35742  0.00000
0.84300  0.35888  0.00000
0.84358  0.36037  0.00000
0.84416  0.36187  0.00000
0.84474  0.36336  0.00000
0.84532  0.36486  0.00000
0.84589  0.36637  0.00000
0.84647  0.36786  0.00000
0.84705  0.36937  0.00000
0.84763  0.37088  0.00000
0.84820  0.37239  0.00000
0.84878  0.37392  0.00000
0.84936  0.37544  0.00000
0.84993  0.37698  0.00000
0.85050  0.37850  0.00000
0.85108  0.38004  0.00000
0.85166  0.38158  0.00000
0.85224  0.38313  0.00000
0.85281  0.38467  0.00000
0.85338  0.38622  0.00000
0.85395  0.38778  0.00000
0.85453  0.38935  0.00000
0.85510  0.39092  0.00000
0.85567  0.39248  0.00000
0.85624  0.39405  0.00000
0.85681  0.39564  0.00000
0.85738  0.39721  0.00000
0.85795  0.39879  0.00000
0.85852  0.40039  0.00000
0.85909  0.40197  0.00000
0.85966  0.40358  0.00000
0.86023  0.40519  0.00000
0.86079  0.40680  0.00000
0.86136  0.40841  0.00000
0.86193  0.41004  0.00000
0.86249  0.41165  0.00000
0.86306  0.41328  0.00000
0.86362  0.41490  0.00000
0.86419  0.41654  0.00000
0.86475  0.41817  0.00000
0.86532  0.41982  0.00000
0.86589  0.42145  0.00000
0.86645  0.42310  0.00000
0.86701  0.42477  0.00000
0.86757  0.42642  0.00000
0.86814  0.42809  0.00000
0.86871  0.42976  0.00000
0.86927  0.43144  0.00000
0.86983  0.43311  0.00000
0.87039  0.43480  0.00000
0.87095  0.43648  0.00000
0.87151  0.43817  0.00000
0.87207  0.43986  0.00000
0.87263  0.44156  0.00000
0.87319  0.44327  0.00000
0.87375  0.44497  0.00000
0.87431  0.44668  0.00000
0.87487  0.44840  0.00000
0.87543  0.45012  0.00000
0.87598  0.45185  0.00000
0.87654  0.45357  0.00000
0.87710  0.45530  0.00000
0.87766  0.45704  0.00000
0.87822  0.45878  0.00000
0.87877  0.46052  0.00000
0.87933  0.46227  0.00000
0.87989  0.46404  0.00000
0.88044  0.46579  0.00000
0.88100  0.46756  0.00000
0.88155  0.46934  0.00000
0.88210  0.47110  0.00000
0.88266  0.47287  0.00000
0.88321  0.47466  0.00000
0.88377  0.47644  0.00000
0.88431  0.47823  0.00000
0.88486  0.48003  0.00000
0.88541  0.48183  0.00000
0.88597  0.48363  0.00000
0.88652  0.48544  0.00000
0.88708  0.48727  0.00000
0.88763  0.48908  0.00000
0.88818  0.49091  0.00000
0.88873  0.49272  0.00000
0.88928  0.49457  0.00000
0.88982  0.49639  0.00000
0.89037  0.49825  0.00000
0.89092  0.50007  0.00000
0.89147  0.50193  0.00000
0.89202  0.50378  0.00000
0.89257  0.50563  0.00000
0.89311  0.50751  0.00000
0.89366  0.50938  0.00000
0.89421  0.51125  0.00000
0.89476  0.51313  0.00000
0.89530  0.51501  0.00000
0.89585  0.51690  0.00000
0.89640  0.51880  0.00000
0.89694  0.52068  0.00000
0.89748  0.52258  0.00000
0.89803  0.52449  0.00000
0.89857  0.52640  0.00000
0.89912  0.52831  0.00000
0.89966  0.53023  0.00000
0.90020  0.53215  0.00000
0.90074  0.53407  0.00000
0.90129  0.53601  0.00000
0.90183  0.53795  0.00000
0.90237  0.53988  0.00000
0.90291  0.54183  0.00000
0.90345  0.54379  0.00000
0.90399  0.54575  0.00000
0.90453  0.54771  0.00000
0.90507  0.54968  0.00000
0.90561  0.55165  0.00000
0.90615  0.55362  0.00000
0.90669  0.55560  0.00000
0.90724  0.55759  0.00000
0.90778  0.55958  0.00000
0.90831  0.56157  0.00000
0.90884  0.56357  0.00000
0.90938  0.56556  0.00000
0.90992  0.56758  0.00000
0.91046  0.56959  0.00000
0.91100  0.57161  0.00000
0.91154  0.57363  0.00000
0.91207  0.57567  0.00000
0.91260  0.57769  0.00000
0.91314  0.57973  0.00000
0.91367  0.58177  0.00000
0.91420  0.58381  0.00000
0.91474  0.58587  0.00000
0.91528  0.58792  0.00000
0.91581  0.58998  0.00000
0.91635  0.59205  0.00000
0.91689  0.59411  0.00000
0.91742  0.59619  0.00000
0.91795  0.59826  0.00000
0.91848  0.60035  0.00000
0.91901  0.60243  0.00000
0.91954  0.60453  0.00000
0.92007  0.60663  0.00000
0.92060  0.60874  0.00000
0.92113  0.61084  0.00000
0.92167  0.61295  0.00000
0.92220  0.61507  0.00000
0.92273  0.61720  0.00000
0.92326  0.61933  0.00000
0.92379  0.62146  0.00000
0.92431  0.62361  0.00000
0.92484  0.62574  0.00000
0.92537  0.62789  0.00000
0.92590  0.63004  0.00000
0.92643  0.63220  0.00000
0.92695  0.63437  0.00000
0.92748  0.63654  0.00000
0.92800  0.63871  0.00000
0.92853  0.64088  0.00000
0.92906  0.64307  0.00000
0.92958  0.64525  0.00000
0.93011  0.64744  0.00000
0.93064  0.64964  0.00000
0.93116  0.65184  0.00000
0.93168  0.65405  0.00000
0.93221  0.65627  0.00000
0.93273  0.65848  0.00000
0.93325  0.66070  0.00000
0.93378  0.66293  0.00000
0.93430  0.66516  0.00000
0.93482  0.66740  0.00000
0.93535  0.66965  0.00000
0.93587  0.67189  0.00000
0.93640  0.67414  0.00000
0.93692  0.67639  0.00000
0.93744  0.67865  0.00000
0.93796  0.68091  0.00000
0.93848  0.68319  0.00000
0.93900  0.68548  0.00000
0.93952  0.68776  0.00000
0.94004  0.69004  0.00000
0.94056  0.69234  0.00000
0.94108  0.69463  0.00000
0.94160  0.69693  0.00000
0.94212  0.69924  0.00000
0.94264  0.70156  0.00000
0.94315  0.70388  0.00000
0.94367  0.70621  0.00000
0.94419  0.70854  0.00000
0.94471  0.71087  0.00000
0.94523  0.71320  0.00000
0.94574  0.71555  0.00000
0.94626  0.71790  0.00000
0.94677  0.72025  0.00000
0.94729  0.72261  0.00000
0.94781  0.72498  0.00000
0.94832  0.72734  0.00000
0.94884  0.72972  0.00000
0.94936  0.73210  0.00000
0.94987  0.73448  0.00000
0.95039  0.73687  0.00000
0.95090  0.73927  0.00000
0.95141  0.74166  0.00000
0.95192  0.74407  0.00000
0.95244  0.74648  0.00000
0.95295  0.74889  0.00000
0.95347  0.75132  0.00000
0.95398  0.75374  0.00000
0.95449  0.75617  0.00000
0.95500  0.75861  0.00000
0.95551  0.76105  0.00000
0.95602  0.76349  0.00000
0.95653  0.76595  0.00000
0.95704  0.76841  0.00000
0.95755  0.77088  0.00000
0.95807  0.77334  0.00000
0.95857  0.77582  0.00000
0.95908  0.77830  0.00000
0.95959  0.78078  0.00000
0.96010  0.78327  0.00000
0.96061  0.78576  0.00000
0.96112  0.78826  0.00000
0.96163  0.79076  0.00000
0.96213  0.79327  0.00000
0.96265  0.79578  0.00000
0.96315  0.79831  0.00000
0.96366  0.80084  0.00000
0.96417  0.80337  0.00000
0.96467  0.80591  0.00000
0.96518  0.80845  0.00000
0.96569  0.81100  0.00000
0.96619  0.81355  0.00000
0.96670  0.81611  0.00000
0.96720  0.81867  0.00000
0.96771  0.82124  0.00000
0.96821  0.82381  0.00000
0.96872  0.82640  0.00000
0.96922  0.82898  0.00000
0.96973  0.83157  0.00000
0.97023  0.83417  0.00000
0.97073  0.83677  0.00000
0.97123  0.83938  0.00000
0.97174  0.84199  0.00000
0.97224  0.84460  0.00000
0.97275  0.84722  0.00000
0.97325  0.84985  0.00000
0.97375  0.85249  0.00000
0.97426  0.85513  0.00000
0.97476  0.85777  0.00000
0.97526  0.86042  0.00000
0.97576  0.86308  0.00000
0.97626  0.86574  0.00000
0.97676  0.86841  0.00000
0.97726  0.87108  0.00000
0.97776  0.87375  0.00000
0.97825  0.87644  0.00000
0.97876  0.87913  0.00000
0.97926  0.88182  0.00000
0.97976  0.88452  0.00000
0.98026  0.88723  0.00000
0.98075  0.88994  0.00000
0.98125  0.89265  0.00000
0.98175  0.89537  0.00000
0.98224  0.89810  0.00000
0.98274  0.90083  0.00000
0.98324  0.90357  0.00000
0.98374  0.90631  0.00000
0.98424  0.90906  0.00000
0.98473  0.91182  0.00000
0.98523  0.91458  0.00000
0.98572  0.91735  0.00000
0.98622  0.92012  0.00000
0.98672  0.92290  0.00000
0.98722  0.92568  0.00000
0.98771  0.92846  0.00000
0.98820  0.93126  0.00000
0.98870  0.93405  0.00000
0.98920  0.93686  0.00000
0.98969  0.93967  0.00000
0.99018  0.94249  0.00000
0.99067  0.94531  0.00000
0.99117  0.94814  0.00000
0.99166  0.95097  0.00000
0.99215  0.95381  0.00000
0.99265  0.95666  0.00000
0.99314  0.95951  0.00000
0.99363  0.96236  0.00000
0.99412  0.96522  0.00000
0.99461  0.96809  0.00000
0.99510  0.97096  0.00000
0.99559  0.97384  0.00000
0.99608  0.97672  0.00000
0.99657  0.97961  0.00000
0.99706  0.98251  0.00000
0.99755  0.98541  0.00000
0.99805  0.98831  0.00000
0.99854  0.99123  0.00000
0.99903  0.99415  0.00000
0.99951  0.99707  0.00000
1.00000  1.00000  0.00000
