256
1.00000  0.00000  0.00000
1.00000  0.02316  0.00000
1.00000  0.04632  0.00000
1.00000  0.06949  0.00000
1.00000  0.09265  0.00000
1.00000  0.11581  0.00000
1.00000  0.13897  0.00000
1.00000  0.16213  0.00000
1.00000  0.18529  0.00000
1.00000  0.20846  0.00000
1.00000  0.23162  0.00000
1.00000  0.25478  0.00000
1.00000  0.27794  0.00000
1.00000  0.30110  0.00000
1.00000  0.32427  0.00000
1.00000  0.34743  0.00000
1.00000  0.37059  0.00000
1.00000  0.39375  0.00000
1.00000  0.41691  0.00000
1.00000  0.44007  0.00000
1.00000  0.46324  0.00000
1.00000  0.48640  0.00000
1.00000  0.50956  0.00000
1.00000  0.53272  0.00000
1.00000  0.55588  0.00000
1.00000  0.57904  0.00000
1.00000  0.60221  0.00000
1.00000  0.62537  0.00000
1.00000  0.64853  0.00000
1.00000  0.67169  0.00000
1.00000  0.69485  0.00000
1.00000  0.71802  0.00000
1.00000  0.74118  0.00000
1.00000  0.76434  0.00000
1.00000  0.78750  0.00000
1.00000  0.81066  0.00000
1.00000  0.83382  0.00000
1.00000  0.85699  0.00000
1.00000  0.88015  0.00000
1.00000  0.90331  0.00000
1.00000  0.92647  0.00000
0.99596  0.94559  0.00000
0.98823  0.96103  0.00000
0.98051  0.97647  0.00000
0.97279  0.99191  0.00000
0.95772  1.00000  0.00000
0.93456  1.00000  0.00000
0.91140  1.00000  0.00000
0.88823  1.00000  0.00000
0.86507  1.00000  0.00000
0.84191  1.00000  0.00000
0.81875  1.00000  0.00000
0.79559  1.00000  0.00000
0.77243  1.00000  0.00000
0.74926  1.00000  0.00000
0.72610  1.00000  0.00000
0.70294  1.00000  0.00000
0.67978  1.00000  0.00000
0.65662  1.00000  0.00000
0.63345  1.00000  0.00000
0.61029  1.00000  0.00000
0.58713  1.00000  0.00000
0.56397  1.00000  0.00000
0.54081  1.00000  0.00000
0.51765  1.00000  0.00000
0.49448  1.00000  0.00000
0.47132  1.00000  0.00000
0.44816  1.00000  0.00000
0.42500  1.00000  0.00000
0.40184  1.00000  0.00000
0.37867  1.00000  0.00000
0.35551  1.00000  0.00000
0.33235  1.00000  0.00000
0.30919  1.00000  0.00000
0.28603  1.00000  0.00000
0.26287  1.00000  0.00000
0.23970  1.00000  0.00000
0.21654  1.00000  0.00000
0.19338  1.00000  0.00000
0.17022  1.00000  0.00000
0.14706  1.00000  0.00000
0.12390  1.00000  0.00000
0.10073  1.00000  0.00000
0.07757  1.00000  0.00000
0.05441  1.00000  0.00000
0.03125  1.00000  0.00000
0.02353  1.00000  0.01544
0.01581  1.00000  0.03088
0.00809  1.00000  0.04632
0.00037  1.00000  0.06177
0.00000  1.00000  0.08456
0.00000  1.00000  0.10772
0.00000  1.00000  0.13088
0.00000  1.00000  0.15405
0.00000  1.00000  0.17721
0.00000  1.00000  0.20037
0.00000  1.00000  0.22353
0.00000  1.00000  0.24669
0.00000  1.00000  0.26985
0.00000  1.00000  0.29302
0.00000  1.00000  0.31618
0.00000  1.00000  0.33934
0.00000  1.00000  0.36250
0.00000  1.00000  0.38566
0.00000  1.00000  0.40882
0.00000  1.00000  0.43199
0.00000  1.00000  0.45515
0.00000  1.00000  0.47831
0.00000  1.00000  0.50147
0.00000  1.00000  0.52463
0.00000  1.00000  0.54779
0.00000  1.00000  0.57096
0.00000  1.00000  0.59412
0.00000  1.00000  0.61728
0.00000  1.00000  0.64044
0.00000  1.00000  0.66360
0.00000  1.00000  0.68676
0.00000  1.00000  0.70993
0.00000  1.00000  0.73309
0.00000  1.00000  0.75625
0.00000  1.00000  0.77941
0.00000  1.00000  0.80257
0.00000  1.00000  0.82573
0.00000  1.00000  0.84889
0.00000  1.00000  0.87206
0.00000  1.00000  0.89522
0.00000  1.00000  0.91838
0.00000  1.00000  0.94154
0.00000  1.00000  0.96470
0.00000  1.00000  0.98786
0.00000  0.98897  1.00000
0.00000  0.96581  1.00000
0.00000  0.94265  1.00000
0.00000  0.91949  1.00000
0.00000  0.89633  1.00000
0.00000  0.87316  1.00000
0.00000  0.85000  1.00000
0.00000  0.82684  1.00000
0.00000  0.80368  1.00000
0.00000  0.78052  1.00000
0.00000  0.75736  1.00000
0.00000  0.73419  1.00000
0.00000  0.71103  1.00000
0.00000  0.68787  1.00000
0.00000  0.66471  1.00000
0.00000  0.64155  1.00000
0.00000  0.61838  1.00000
0.00000  0.59522  1.00000
0.00000  0.57206  1.00000
0.00000  0.54890  1.00000
0.00000  0.52574  1.00000
0.00000  0.50258  1.00000
0.00000  0.47941  1.00000
0.00000  0.45625  1.00000
0.00000  0.43309  1.00000
0.00000  0.40993  1.00000
0.00000  0.38677  1.00000
0.00000  0.36361  1.00000
0.00000  0.34044  1.00000
0.00000  0.31728  1.00000
0.00000  0.29412  1.00000
0.00000  0.27096  1.00000
0.00000  0.24780  1.00000
0.00000  0.22463  1.00000
0.00000  0.20147  1.00000
0.00000  0.17831  1.00000
0.00000  0.15515  1.00000
0.00000  0.13199  1.00000
0.00000  0.10883  1.00000
0.00000  0.08566  1.00000
0.00000  0.06250  1.00000
0.00772  0.04706  1.00000
0.01544  0.03162  1.00000
0.02316  0.01618  1.00000
0.03088  0.00074  1.00000
0.05331  0.00000  1.00000
0.07647  0.00000  1.00000
0.09963  0.00000  1.00000
0.12279  0.00000  1.00000
0.14595  0.00000  1.00000
0.16912  0.00000  1.00000
0.19228  0.00000  1.00000
0.21544  0.00000  1.00000
0.23860  0.00000  1.00000
0.26176  0.00000  1.00000
0.28492  0.00000  1.00000
0.30809  0.00000  1.00000
0.33125  0.00000  1.00000
0.35441  0.00000  1.00000
0.37757  0.00000  1.00000
0.40073  0.00000  1.00000
0.42390  0.00000  1.00000
0.44706  0.00000  1.00000
0.47022  0.00000  1.00000
0.49338  0.00000  1.00000
0.51654  0.00000  1.00000
0.53970  0.00000  1.00000
0.56287  0.00000  1.00000
0.58603  0.00000  1.00000
0.60919  0.00000  1.00000
0.63235  0.00000  1.00000
0.65551  0.00000  1.00000
0.67868  0.00000  1.00000
0.70184  0.00000  1.00000
0.72500  0.00000  1.00000
0.74816  0.00000  1.00000
0.77132  0.00000  1.00000
0.79448  0.00000  1.00000
0.81765  0.00000  1.00000
0.84081  0.00000  1.00000
0.86397  0.00000  1.00000
0.88713  0.00000  1.00000
0.91029  0.00000  1.00000
0.93345  0.00000  1.00000
0.95662  0.00000  1.00000
0.97243  0.00000  0.99265
0.98015  0.00000  0.97721
0.98787  0.00000  0.96177
0.99559  0.00000  0.94632
1.00000  0.00000  0.92757
1.00000  0.00000  0.90441
1.00000  0.00000  0.88125
1.00000  0.00000  0.85809
1.00000  0.00000  0.83493
1.00000  0.00000  0.81177
1.00000  0.00000  0.78860
1.00000  0.00000  0.76544
1.00000  0.00000  0.74228
1.00000  0.00000  0.71912
1.00000  0.00000  0.69596
1.00000  0.00000  0.67279
1.00000  0.00000  0.64963
1.00000  0.00000  0.62647
1.00000  0.00000  0.60331
1.00000  0.00000  0.58015
1.00000  0.00000  0.55699
1.00000  0.00000  0.53382
1.00000  0.00000  0.51066
1.00000  0.00000  0.48750
1.00000  0.00000  0.46434
1.00000  0.00000  0.44118
1.00000  0.00000  0.41802
1.00000  0.00000  0.39485
1.00000  0.00000  0.37169
1.00000  0.00000  0.34853
1.00000  0.00000  0.32537
1.00000  0.00000  0.30221
1.00000  0.00000  0.27904
1.00000  0.00000  0.25588
1.00000  0.00000  0.23272
1.00000  0.00000  0.20956
1.00000  0.00000  0.18640
1.00000  0.00000  0.16324
1.00000  0.00000  0.14007
1.00000  0.00000  0.11691
1.00000  0.00000  0.09375
