256
1.00000  0.00000  0.00000
1.00000  0.02344  0.00000
1.00000  0.04688  0.00000
1.00000  0.07031  0.00000
1.00000  0.09375  0.00000
1.00000  0.11719  0.00000
1.00000  0.14063  0.00000
1.00000  0.16406  0.00000
1.00000  0.18750  0.00000
1.00000  0.21094  0.00000
1.00000  0.23438  0.00000
1.00000  0.25781  0.00000
1.00000  0.28125  0.00000
1.00000  0.30469  0.00000
1.00000  0.32813  0.00000
1.00000  0.35156  0.00000
1.00000  0.37500  0.00000
1.00000  0.39844  0.00000
1.00000  0.42188  0.00000
1.00000  0.44531  0.00000
1.00000  0.46875  0.00000
1.00000  0.49219  0.00000
1.00000  0.51563  0.00000
1.00000  0.53906  0.00000
1.00000  0.56250  0.00000
1.00000  0.58594  0.00000
1.00000  0.60938  0.00000
1.00000  0.63281  0.00000
1.00000  0.65625  0.00000
1.00000  0.67969  0.00000
1.00000  0.70313  0.00000
1.00000  0.72656  0.00000
1.00000  0.75000  0.00000
1.00000  0.77344  0.00000
1.00000  0.79688  0.00000
1.00000  0.82031  0.00000
1.00000  0.84375  0.00000
1.00000  0.86719  0.00000
1.00000  0.89063  0.00000
1.00000  0.91406  0.00000
1.00000  0.93750  0.00000
1.00000  0.96094  0.00000
1.00000  0.98438  0.00000
0.99219  1.00000  0.00000
0.96875  1.00000  0.00000
0.94531  1.00000  0.00000
0.92188  1.00000  0.00000
0.89844  1.00000  0.00000
0.87500  1.00000  0.00000
0.85156  1.00000  0.00000
0.82813  1.00000  0.00000
0.80469  1.00000  0.00000
0.78125  1.00000  0.00000
0.75781  1.00000  0.00000
0.73438  1.00000  0.00000
0.71094  1.00000  0.00000
0.68750  1.00000  0.00000
0.66406  1.00000  0.00000
0.64063  1.00000  0.00000
0.61719  1.00000  0.00000
0.59375  1.00000  0.00000
0.57031  1.00000  0.00000
0.54688  1.00000  0.00000
0.52344  1.00000  0.00000
0.50000  1.00000  0.00000
0.47656  1.00000  0.00000
0.45313  1.00000  0.00000
0.42969  1.00000  0.00000
0.40625  1.00000  0.00000
0.38281  1.00000  0.00000
0.35938  1.00000  0.00000
0.33594  1.00000  0.00000
0.31250  1.00000  0.00000
0.28906  1.00000  0.00000
0.26563  1.00000  0.00000
0.24219  1.00000  0.00000
0.21875  1.00000  0.00000
0.19531  1.00000  0.00000
0.17188  1.00000  0.00000
0.14844  1.00000  0.00000
0.12500  1.00000  0.00000
0.10156  1.00000  0.00000
0.07813  1.00000  0.00000
0.05469  1.00000  0.00000
0.03125  1.00000  0.00000
0.00781  1.00000  0.00000
0.00000  1.00000  0.01563
0.00000  1.00000  0.03906
0.00000  1.00000  0.06250
0.00000  1.00000  0.08594
0.00000  1.00000  0.10938
0.00000  1.00000  0.13281
0.00000  1.00000  0.15625
0.00000  1.00000  0.17969
0.00000  1.00000  0.20313
0.00000  1.00000  0.22656
0.00000  1.00000  0.25000
0.00000  1.00000  0.27344
0.00000  1.00000  0.29688
0.00000  1.00000  0.32031
0.00000  1.00000  0.34375
0.00000  1.00000  0.36719
0.00000  1.00000  0.39063
0.00000  1.00000  0.41406
0.00000  1.00000  0.43750
0.00000  1.00000  0.46094
0.00000  1.00000  0.48438
0.00000  1.00000  0.50781
0.00000  1.00000  0.53125
0.00000  1.00000  0.55469
0.00000  1.00000  0.57813
0.00000  1.00000  0.60156
0.00000  1.00000  0.62500
0.00000  1.00000  0.64844
0.00000  1.00000  0.67188
0.00000  1.00000  0.69531
0.00000  1.00000  0.71875
0.00000  1.00000  0.74219
0.00000  1.00000  0.76563
0.00000  1.00000  0.78906
0.00000  1.00000  0.81250
0.00000  1.00000  0.83594
0.00000  1.00000  0.85938
0.00000  1.00000  0.88281
0.00000  1.00000  0.90625
0.00000  1.00000  0.92969
0.00000  1.00000  0.95313
0.00000  1.00000  0.97656
0.00000  1.00000  1.00000
0.00000  0.97656  1.00000
0.00000  0.95313  1.00000
0.00000  0.92969  1.00000
0.00000  0.90625  1.00000
0.00000  0.88281  1.00000
0.00000  0.85938  1.00000
0.00000  0.83594  1.00000
0.00000  0.81250  1.00000
0.00000  0.78906  1.00000
0.00000  0.76563  1.00000
0.00000  0.74219  1.00000
0.00000  0.71875  1.00000
0.00000  0.69531  1.00000
0.00000  0.67188  1.00000
0.00000  0.64844  1.00000
0.00000  0.62500  1.00000
0.00000  0.60156  1.00000
0.00000  0.57813  1.00000
0.00000  0.55469  1.00000
0.00000  0.53125  1.00000
0.00000  0.50781  1.00000
0.00000  0.48438  1.00000
0.00000  0.46094  1.00000
0.00000  0.43750  1.00000
0.00000  0.41406  1.00000
0.00000  0.39063  1.00000
0.00000  0.36719  1.00000
0.00000  0.34375  1.00000
0.00000  0.32031  1.00000
0.00000  0.29688  1.00000
0.00000  0.27344  1.00000
0.00000  0.25000  1.00000
0.00000  0.22656  1.00000
0.00000  0.20313  1.00000
0.00000  0.17969  1.00000
0.00000  0.15625  1.00000
0.00000  0.13281  1.00000
0.00000  0.10938  1.00000
0.00000  0.08594  1.00000
0.00000  0.06250  1.00000
0.00000  0.03906  1.00000
0.00000  0.01563  1.00000
0.00781  0.00000  1.00000
0.03125  0.00000  1.00000
0.05469  0.00000  1.00000
0.07813  0.00000  1.00000
0.10156  0.00000  1.00000
0.12500  0.00000  1.00000
0.14844  0.00000  1.00000
0.17188  0.00000  1.00000
0.19531  0.00000  1.00000
0.21875  0.00000  1.00000
0.24219  0.00000  1.00000
0.26563  0.00000  1.00000
0.28906  0.00000  1.00000
0.31250  0.00000  1.00000
0.33594  0.00000  1.00000
0.35938  0.00000  1.00000
0.38281  0.00000  1.00000
0.40625  0.00000  1.00000
0.42969  0.00000  1.00000
0.45313  0.00000  1.00000
0.47656  0.00000  1.00000
0.50000  0.00000  1.00000
0.52344  0.00000  1.00000
0.54688  0.00000  1.00000
0.57031  0.00000  1.00000
0.59375  0.00000  1.00000
0.61719  0.00000  1.00000
0.64063  0.00000  1.00000
0.66406  0.00000  1.00000
0.68750  0.00000  1.00000
0.71094  0.00000  1.00000
0.73438  0.00000  1.00000
0.75781  0.00000  1.00000
0.78125  0.00000  1.00000
0.80469  0.00000  1.00000
0.82813  0.00000  1.00000
0.85156  0.00000  1.00000
0.87500  0.00000  1.00000
0.89844  0.00000  1.00000
0.92188  0.00000  1.00000
0.94531  0.00000  1.00000
0.96875  0.00000  1.00000
0.99219  0.00000  1.00000
1.00000  0.00000  0.98438
1.00000  0.00000  0.96094
1.00000  0.00000  0.93750
1.00000  0.00000  0.91406
1.00000  0.00000  0.89063
1.00000  0.00000  0.86719
1.00000  0.00000  0.84375
1.00000  0.00000  0.82031
1.00000  0.00000  0.79688
1.00000  0.00000  0.77344
1.00000  0.00000  0.75000
1.00000  0.00000  0.72656
1.00000  0.00000  0.70313
1.00000  0.00000  0.67969
1.00000  0.00000  0.65625
1.00000  0.00000  0.63281
1.00000  0.00000  0.60938
1.00000  0.00000  0.58594
1.00000  0.00000  0.56250
1.00000  0.00000  0.53906
1.00000  0.00000  0.51563
1.00000  0.00000  0.49219
1.00000  0.00000  0.46875
1.00000  0.00000  0.44531
1.00000  0.00000  0.42188
1.00000  0.00000  0.39844
1.00000  0.00000  0.37500
1.00000  0.00000  0.35156
1.00000  0.00000  0.32813
1.00000  0.00000  0.30469
1.00000  0.00000  0.28125
1.00000  0.00000  0.25781
1.00000  0.00000  0.23438
1.00000  0.00000  0.21094
1.00000  0.00000  0.18750
1.00000  0.00000  0.16406
1.00000  0.00000  0.14063
1.00000  0.00000  0.11719
1.00000  0.00000  0.09375
1.00000  0.00000  0.07031
1.00000  0.00000  0.04688
1.00000  0.00000  0.02344
