1024
0.00146  0.00047  0.01387
0.00164  0.00065  0.01494
0.00184  0.00085  0.01609
0.00205  0.00105  0.01730
0.00227  0.00127  0.01856
0.00250  0.00149  0.01987
0.00275  0.00173  0.02125
0.00302  0.00199  0.02270
0.00329  0.00224  0.02420
0.00358  0.00251  0.02577
0.00389  0.00279  0.02741
0.00421  0.00308  0.02911
0.00454  0.00338  0.03085
0.00488  0.00369  0.03262
0.00524  0.00401  0.03449
0.00561  0.00434  0.03651
0.00599  0.00467  0.03847
0.00639  0.00502  0.04050
0.00680  0.00538  0.04253
0.00722  0.00575  0.04466
0.00765  0.00612  0.04671
0.00810  0.00650  0.04883
0.00857  0.00688  0.05084
0.00905  0.00728  0.05290
0.00953  0.00768  0.05499
0.00998  0.00809  0.05708
0.01043  0.00852  0.05918
0.01097  0.00895  0.06115
0.01161  0.00939  0.06330
0.01219  0.00980  0.06534
0.01274  0.01020  0.06746
0.01333  0.01064  0.06961
0.01394  0.01117  0.07168
0.01456  0.01172  0.07380
0.01518  0.01220  0.07583
0.01583  0.01263  0.07792
0.01649  0.01309  0.08005
0.01716  0.01357  0.08222
0.01786  0.01407  0.08432
0.01856  0.01457  0.08638
0.01928  0.01507  0.08852
0.02002  0.01558  0.09065
0.02078  0.01609  0.09275
0.02155  0.01661  0.09497
0.02235  0.01713  0.09703
0.02317  0.01766  0.09917
0.02401  0.01818  0.10128
0.02484  0.01871  0.10347
0.02567  0.01925  0.10560
0.02652  0.01980  0.10776
0.02742  0.02034  0.10999
0.02835  0.02087  0.11216
0.02929  0.02142  0.11429
0.03023  0.02196  0.11653
0.03122  0.02251  0.11872
0.03222  0.02306  0.12085
0.03322  0.02361  0.12304
0.03422  0.02416  0.12526
0.03544  0.02471  0.12743
0.03643  0.02527  0.12965
0.03748  0.02582  0.13184
0.03857  0.02638  0.13405
0.03970  0.02693  0.13622
0.04087  0.02749  0.13848
0.04206  0.02804  0.14072
0.04306  0.02858  0.14294
0.04432  0.02913  0.14521
0.04546  0.02967  0.14744
0.04667  0.03021  0.14972
0.04779  0.03075  0.15194
0.04911  0.03129  0.15421
0.05023  0.03183  0.15652
0.05140  0.03236  0.15879
0.05256  0.03288  0.16106
0.05373  0.03338  0.16335
0.05492  0.03387  0.16559
0.05617  0.03443  0.16789
0.05732  0.03505  0.17020
0.05859  0.03558  0.17247
0.05992  0.03602  0.17479
0.06106  0.03648  0.17708
0.06238  0.03695  0.17939
0.06361  0.03743  0.18170
0.06483  0.03790  0.18404
0.06603  0.03838  0.18639
0.06726  0.03885  0.18872
0.06855  0.03931  0.19104
0.06981  0.03975  0.19339
0.07109  0.04018  0.19572
0.07233  0.04059  0.19807
0.07373  0.04099  0.20041
0.07500  0.04139  0.20278
0.07629  0.04179  0.20515
0.07758  0.04218  0.20752
0.07888  0.04253  0.20988
0.08020  0.04288  0.21227
0.08157  0.04323  0.21462
0.08286  0.04358  0.21701
0.08426  0.04389  0.21939
0.08554  0.04418  0.22175
0.08700  0.04447  0.22412
0.08836  0.04476  0.22652
0.08977  0.04504  0.22889
0.09122  0.04529  0.23126
0.09258  0.04551  0.23361
0.09401  0.04572  0.23601
0.09543  0.04593  0.23838
0.09677  0.04613  0.24076
0.09826  0.04634  0.24315
0.09967  0.04653  0.24552
0.10113  0.04670  0.24792
0.10263  0.04685  0.25026
0.10410  0.04697  0.25265
0.10557  0.04709  0.25503
0.10708  0.04719  0.25738
0.10849  0.04729  0.25975
0.11004  0.04738  0.26210
0.11153  0.04744  0.26446
0.11307  0.04749  0.26681
0.11452  0.04753  0.26918
0.11613  0.04756  0.27150
0.11765  0.04758  0.27385
0.11922  0.04758  0.27618
0.12077  0.04757  0.27848
0.12233  0.04755  0.28076
0.12392  0.04751  0.28309
0.12553  0.04746  0.28536
0.12708  0.04740  0.28765
0.12869  0.04732  0.28993
0.13034  0.04724  0.29220
0.13193  0.04714  0.29444
0.13355  0.04703  0.29670
0.13518  0.04691  0.29892
0.13680  0.04678  0.30112
0.13845  0.04664  0.30332
0.14005  0.04648  0.30552
0.14173  0.04631  0.30767
0.14338  0.04613  0.30985
0.14506  0.04593  0.31196
0.14669  0.04574  0.31411
0.14837  0.04555  0.31622
0.15008  0.04535  0.31831
0.15173  0.04514  0.32040
0.15341  0.04491  0.32246
0.15511  0.04466  0.32449
0.15682  0.04441  0.32650
0.15853  0.04417  0.32850
0.16019  0.04393  0.33047
0.16196  0.04367  0.33244
0.16367  0.04340  0.33437
0.16533  0.04312  0.33627
0.16709  0.04285  0.33816
0.16880  0.04260  0.34004
0.17051  0.04236  0.34189
0.17224  0.04210  0.34371
0.17398  0.04182  0.34552
0.17570  0.04153  0.34731
0.17747  0.04124  0.34905
0.17918  0.04097  0.35079
0.18088  0.04071  0.35249
0.18261  0.04045  0.35417
0.18435  0.04019  0.35584
0.18610  0.03994  0.35749
0.18784  0.03968  0.35909
0.18954  0.03943  0.36068
0.19126  0.03919  0.36226
0.19300  0.03895  0.36380
0.19474  0.03872  0.36532
0.19646  0.03850  0.36682
0.19816  0.03830  0.36829
0.19986  0.03809  0.36973
0.20158  0.03790  0.37114
0.20332  0.03772  0.37254
0.20504  0.03755  0.37392
0.20678  0.03739  0.37526
0.20849  0.03724  0.37660
0.21021  0.03710  0.37790
0.21194  0.03697  0.37917
0.21363  0.03686  0.38044
0.21533  0.03675  0.38167
0.21705  0.03666  0.38288
0.21875  0.03658  0.38407
0.22048  0.03651  0.38524
0.22216  0.03646  0.38639
0.22386  0.03641  0.38753
0.22556  0.03639  0.38864
0.22725  0.03637  0.38972
0.22893  0.03637  0.39079
0.23059  0.03638  0.39184
0.23228  0.03641  0.39285
0.23396  0.03645  0.39386
0.23566  0.03651  0.39485
0.23735  0.03657  0.39582
0.23900  0.03666  0.39675
0.24067  0.03675  0.39770
0.24235  0.03685  0.39861
0.24401  0.03697  0.39950
0.24568  0.03711  0.40039
0.24734  0.03726  0.40124
0.24900  0.03742  0.40207
0.25063  0.03760  0.40290
0.25229  0.03779  0.40371
0.25395  0.03799  0.40449
0.25560  0.03820  0.40527
0.25725  0.03843  0.40604
0.25891  0.03867  0.40677
0.26054  0.03892  0.40750
0.26218  0.03919  0.40822
0.26383  0.03947  0.40892
0.26545  0.03977  0.40961
0.26707  0.04007  0.41029
0.26873  0.04038  0.41094
0.27036  0.04070  0.41158
0.27195  0.04106  0.41222
0.27360  0.04142  0.41284
0.27521  0.04179  0.41344
0.27683  0.04214  0.41403
0.27844  0.04247  0.41460
0.28005  0.04281  0.41516
0.28167  0.04319  0.41572
0.28329  0.04363  0.41626
0.28488  0.04410  0.41680
0.28649  0.04457  0.41732
0.28810  0.04500  0.41782
0.28971  0.04539  0.41832
0.29132  0.04578  0.41881
0.29290  0.04624  0.41929
0.29450  0.04675  0.41975
0.29610  0.04720  0.42019
0.29770  0.04760  0.42064
0.29931  0.04805  0.42107
0.30089  0.04858  0.42149
0.30248  0.04909  0.42190
0.30408  0.04955  0.42231
0.30568  0.05002  0.42271
0.30725  0.05053  0.42309
0.30884  0.05105  0.42346
0.31043  0.05157  0.42383
0.31198  0.05208  0.42419
0.31358  0.05260  0.42454
0.31515  0.05312  0.42488
0.31674  0.05364  0.42522
0.31831  0.05417  0.42554
0.31990  0.05470  0.42585
0.32146  0.05523  0.42616
0.32305  0.05579  0.42646
0.32461  0.05639  0.42676
0.32618  0.05694  0.42704
0.32776  0.05745  0.42732
0.32935  0.05798  0.42758
0.33090  0.05856  0.42784
0.33249  0.05913  0.42809
0.33405  0.05968  0.42834
0.33562  0.06020  0.42858
0.33719  0.06070  0.42881
0.33875  0.06122  0.42904
0.34032  0.06183  0.42926
0.34189  0.06248  0.42947
0.34345  0.06306  0.42968
0.34501  0.06361  0.42988
0.34657  0.06418  0.43008
0.34813  0.06475  0.43026
0.34970  0.06533  0.43044
0.35126  0.06590  0.43062
0.35283  0.06647  0.43078
0.35439  0.06705  0.43095
0.35595  0.06762  0.43110
0.35751  0.06819  0.43125
0.35905  0.06878  0.43139
0.36061  0.06937  0.43153
0.36217  0.06990  0.43166
0.36372  0.07047  0.43178
0.36528  0.07111  0.43190
0.36684  0.07169  0.43201
0.36840  0.07222  0.43212
0.36995  0.07283  0.43223
0.37150  0.07345  0.43232
0.37306  0.07402  0.43242
0.37463  0.07458  0.43250
0.37618  0.07517  0.43258
0.37772  0.07577  0.43266
0.37927  0.07635  0.43273
0.38084  0.07694  0.43280
0.38238  0.07752  0.43286
0.38394  0.07810  0.43292
0.38548  0.07869  0.43297
0.38703  0.07927  0.43301
0.38859  0.07985  0.43305
0.39013  0.08043  0.43309
0.39168  0.08102  0.43311
0.39323  0.08164  0.43314
0.39478  0.08223  0.43316
0.39633  0.08277  0.43317
0.39789  0.08335  0.43318
0.39943  0.08398  0.43319
0.40100  0.08457  0.43319
0.40253  0.08511  0.43319
0.40409  0.08565  0.43318
0.40564  0.08623  0.43317
0.40718  0.08685  0.43315
0.40873  0.08742  0.43312
0.41029  0.08796  0.43310
0.41184  0.08853  0.43306
0.41339  0.08910  0.43302
0.41494  0.08968  0.43298
0.41650  0.09026  0.43293
0.41804  0.09085  0.43288
0.41960  0.09145  0.43283
0.42115  0.09203  0.43277
0.42270  0.09255  0.43270
0.42425  0.09308  0.43264
0.42580  0.09366  0.43256
0.42736  0.09425  0.43248
0.42890  0.09484  0.43240
0.43045  0.09540  0.43232
0.43200  0.09595  0.43223
0.43354  0.09651  0.43213
0.43510  0.09711  0.43203
0.43665  0.09773  0.43193
0.43820  0.09829  0.43182
0.43975  0.09882  0.43170
0.44130  0.09937  0.43158
0.44286  0.09993  0.43146
0.44442  0.10050  0.43134
0.44595  0.10106  0.43121
0.44750  0.10163  0.43107
0.44906  0.10219  0.43094
0.45061  0.10276  0.43079
0.45217  0.10333  0.43065
0.45371  0.10387  0.43049
0.45526  0.10438  0.43034
0.45681  0.10492  0.43018
0.45836  0.10551  0.43002
0.45992  0.10610  0.42985
0.46147  0.10669  0.42967
0.46301  0.10724  0.42949
0.46458  0.10778  0.42931
0.46612  0.10833  0.42912
0.46767  0.10891  0.42893
0.46923  0.10949  0.42873
0.47078  0.11003  0.42853
0.47233  0.11055  0.42833
0.47388  0.11109  0.42812
0.47544  0.11164  0.42791
0.47699  0.11219  0.42770
0.47854  0.11275  0.42748
0.48010  0.11332  0.42726
0.48165  0.11386  0.42703
0.48320  0.11439  0.42680
0.48475  0.11496  0.42656
0.48631  0.11554  0.42631
0.48786  0.11611  0.42606
0.48940  0.11664  0.42581
0.49096  0.11716  0.42556
0.49250  0.11772  0.42530
0.49407  0.11830  0.42504
0.49562  0.11883  0.42478
0.49719  0.11935  0.42450
0.49874  0.11990  0.42423
0.50029  0.12045  0.42395
0.50185  0.12100  0.42366
0.50340  0.12155  0.42338
0.50496  0.12209  0.42309
0.50651  0.12264  0.42279
0.50807  0.12319  0.42249
0.50962  0.12373  0.42218
0.51117  0.12427  0.42187
0.51273  0.12481  0.42156
0.51430  0.12536  0.42124
0.51584  0.12591  0.42092
0.51741  0.12644  0.42059
0.51897  0.12696  0.42026
0.52051  0.12753  0.41992
0.52206  0.12810  0.41958
0.52362  0.12862  0.41924
0.52517  0.12915  0.41889
0.52673  0.12972  0.41853
0.52827  0.13028  0.41818
0.52983  0.13082  0.41782
0.53138  0.13136  0.41746
0.53294  0.13191  0.41709
0.53450  0.13247  0.41671
0.53605  0.13301  0.41633
0.53761  0.13355  0.41595
0.53916  0.13410  0.41556
0.54072  0.13466  0.41517
0.54228  0.13519  0.41478
0.54383  0.13571  0.41438
0.54539  0.13627  0.41397
0.54694  0.13685  0.41357
0.54850  0.13743  0.41316
0.55005  0.13799  0.41275
0.55161  0.13853  0.41233
0.55315  0.13905  0.41190
0.55471  0.13958  0.41146
0.55625  0.14014  0.41103
0.55781  0.14072  0.41060
0.55936  0.14126  0.41015
0.56091  0.14180  0.40970
0.56248  0.14235  0.40925
0.56403  0.14291  0.40880
0.56557  0.14347  0.40834
0.56714  0.14402  0.40788
0.56868  0.14458  0.40741
0.57023  0.14515  0.40693
0.57179  0.14570  0.40646
0.57334  0.14623  0.40598
0.57489  0.14678  0.40550
0.57645  0.14737  0.40500
0.57799  0.14793  0.40451
0.57955  0.14847  0.40402
0.58109  0.14904  0.40352
0.58264  0.14962  0.40301
0.58419  0.15018  0.40249
0.58575  0.15072  0.40197
0.58729  0.15129  0.40146
0.58883  0.15187  0.40095
0.59038  0.15243  0.40041
0.59194  0.15300  0.39986
0.59348  0.15357  0.39932
0.59503  0.15414  0.39879
0.59657  0.15471  0.39825
0.59812  0.15529  0.39770
0.59967  0.15588  0.39714
0.60121  0.15646  0.39658
0.60276  0.15701  0.39603
0.60430  0.15759  0.39546
0.60584  0.15819  0.39489
0.60739  0.15877  0.39432
0.60893  0.15933  0.39374
0.61047  0.15988  0.39316
0.61201  0.16047  0.39257
0.61355  0.16107  0.39197
0.61509  0.16166  0.39138
0.61664  0.16224  0.39078
0.61818  0.16282  0.39016
0.61973  0.16341  0.38956
0.62126  0.16401  0.38895
0.62280  0.16459  0.38833
0.62433  0.16516  0.38771
0.62586  0.16577  0.38709
0.62740  0.16640  0.38647
0.62893  0.16701  0.38583
0.63047  0.16759  0.38519
0.63200  0.16817  0.38454
0.63353  0.16880  0.38390
0.63506  0.16942  0.38325
0.63659  0.17002  0.38258
0.63812  0.17063  0.38192
0.63965  0.17124  0.38127
0.64117  0.17186  0.38060
0.64271  0.17247  0.37993
0.64423  0.17308  0.37926
0.64576  0.17370  0.37858
0.64728  0.17434  0.37790
0.64881  0.17497  0.37722
0.65033  0.17558  0.37654
0.65186  0.17620  0.37583
0.65337  0.17685  0.37513
0.65489  0.17750  0.37443
0.65641  0.17813  0.37372
0.65793  0.17874  0.37300
0.65944  0.17937  0.37229
0.66096  0.18001  0.37156
0.66248  0.18065  0.37084
0.66399  0.18130  0.37012
0.66550  0.18195  0.36939
0.66701  0.18260  0.36866
0.66852  0.18325  0.36790
0.67003  0.18390  0.36716
0.67153  0.18457  0.36642
0.67305  0.18524  0.36566
0.67455  0.18591  0.36490
0.67605  0.18655  0.36415
0.67756  0.18723  0.36338
0.67906  0.18792  0.36262
0.68056  0.18857  0.36186
0.68206  0.18923  0.36108
0.68356  0.18990  0.36029
0.68505  0.19058  0.35951
0.68654  0.19127  0.35871
0.68803  0.19196  0.35792
0.68953  0.19265  0.35713
0.69101  0.19334  0.35633
0.69252  0.19404  0.35554
0.69400  0.19474  0.35474
0.69549  0.19541  0.35391
0.69697  0.19613  0.35311
0.69845  0.19685  0.35228
0.69993  0.19754  0.35146
0.70141  0.19825  0.35065
0.70289  0.19897  0.34981
0.70436  0.19968  0.34898
0.70584  0.20041  0.34815
0.70731  0.20113  0.34732
0.70879  0.20185  0.34647
0.71026  0.20258  0.34562
0.71173  0.20332  0.34478
0.71319  0.20406  0.34392
0.71465  0.20479  0.34307
0.71612  0.20552  0.34221
0.71758  0.20629  0.34134
0.71903  0.20703  0.34047
0.72049  0.20778  0.33961
0.72194  0.20854  0.33872
0.72340  0.20930  0.33784
0.72486  0.21007  0.33696
0.72630  0.21084  0.33607
0.72775  0.21162  0.33520
0.72919  0.21239  0.33430
0.73064  0.21315  0.33341
0.73208  0.21394  0.33251
0.73352  0.21471  0.33159
0.73496  0.21550  0.33069
0.73639  0.21631  0.32980
0.73782  0.21709  0.32889
0.73926  0.21789  0.32797
0.74068  0.21869  0.32706
0.74211  0.21950  0.32613
0.74354  0.22033  0.32521
0.74496  0.22114  0.32428
0.74638  0.22194  0.32335
0.74780  0.22278  0.32242
0.74921  0.22359  0.32147
0.75063  0.22440  0.32054
0.75203  0.22524  0.31959
0.75344  0.22610  0.31865
0.75485  0.22693  0.31770
0.75625  0.22778  0.31675
0.75764  0.22864  0.31581
0.75904  0.22947  0.31483
0.76044  0.23032  0.31389
0.76183  0.23121  0.31291
0.76322  0.23207  0.31194
0.76462  0.23292  0.31099
0.76600  0.23379  0.31002
0.76738  0.23470  0.30905
0.76876  0.23557  0.30805
0.77014  0.23646  0.30707
0.77152  0.23736  0.30611
0.77289  0.23823  0.30511
0.77426  0.23914  0.30412
0.77562  0.24003  0.30312
0.77699  0.24095  0.30212
0.77835  0.24188  0.30111
0.77971  0.24278  0.30011
0.78106  0.24370  0.29912
0.78241  0.24462  0.29810
0.78376  0.24555  0.29712
0.78511  0.24648  0.29610
0.78645  0.24743  0.29508
0.78779  0.24838  0.29406
0.78913  0.24931  0.29304
0.79046  0.25025  0.29202
0.79179  0.25123  0.29100
0.79313  0.25218  0.28997
0.79445  0.25314  0.28896
0.79577  0.25410  0.28792
0.79709  0.25509  0.28688
0.79841  0.25604  0.28584
0.79972  0.25704  0.28480
0.80103  0.25801  0.28377
0.80233  0.25903  0.28274
0.80363  0.26002  0.28168
0.80493  0.26102  0.28062
0.80623  0.26202  0.27959
0.80752  0.26304  0.27854
0.80881  0.26406  0.27749
0.81010  0.26507  0.27644
0.81138  0.26611  0.27539
0.81266  0.26712  0.27431
0.81394  0.26815  0.27326
0.81521  0.26921  0.27216
0.81648  0.27024  0.27111
0.81774  0.27127  0.27005
0.81900  0.27231  0.26898
0.82026  0.27340  0.26788
0.82152  0.27445  0.26681
0.82277  0.27554  0.26575
0.82401  0.27660  0.26466
0.82526  0.27767  0.26361
0.82650  0.27875  0.26251
0.82773  0.27983  0.26143
0.82897  0.28091  0.26035
0.83020  0.28203  0.25927
0.83143  0.28313  0.25815
0.83264  0.28422  0.25708
0.83386  0.28532  0.25597
0.83507  0.28643  0.25490
0.83628  0.28755  0.25379
0.83749  0.28869  0.25269
0.83869  0.28981  0.25160
0.83989  0.29095  0.25046
0.84108  0.29209  0.24936
0.84228  0.29323  0.24828
0.84346  0.29437  0.24716
0.84465  0.29552  0.24605
0.84583  0.29669  0.24494
0.84700  0.29784  0.24384
0.84817  0.29902  0.24273
0.84934  0.30019  0.24163
0.85050  0.30136  0.24048
0.85165  0.30254  0.23938
0.85281  0.30373  0.23824
0.85395  0.30492  0.23714
0.85511  0.30613  0.23600
0.85624  0.30730  0.23488
0.85738  0.30852  0.23373
0.85851  0.30974  0.23262
0.85964  0.31095  0.23152
0.86077  0.31215  0.23036
0.86189  0.31339  0.22924
0.86301  0.31460  0.22811
0.86413  0.31584  0.22696
0.86523  0.31707  0.22583
0.86634  0.31831  0.22466
0.86743  0.31956  0.22354
0.86853  0.32082  0.22240
0.86961  0.32207  0.22127
0.87070  0.32334  0.22013
0.87178  0.32459  0.21898
0.87286  0.32586  0.21783
0.87393  0.32714  0.21669
0.87500  0.32842  0.21553
0.87606  0.32971  0.21438
0.87711  0.33097  0.21321
0.87817  0.33228  0.21208
0.87922  0.33357  0.21092
0.88027  0.33488  0.20976
0.88131  0.33617  0.20860
0.88235  0.33749  0.20745
0.88338  0.33880  0.20632
0.88441  0.34012  0.20513
0.88542  0.34144  0.20399
0.88644  0.34278  0.20280
0.88745  0.34409  0.20163
0.88847  0.34544  0.20046
0.88947  0.34679  0.19930
0.89047  0.34813  0.19814
0.89146  0.34948  0.19699
0.89245  0.35085  0.19579
0.89343  0.35219  0.19463
0.89442  0.35356  0.19344
0.89539  0.35494  0.19225
0.89636  0.35631  0.19107
0.89733  0.35769  0.18990
0.89829  0.35906  0.18874
0.89925  0.36044  0.18758
0.90020  0.36184  0.18638
0.90115  0.36322  0.18522
0.90209  0.36462  0.18401
0.90303  0.36603  0.18281
0.90396  0.36743  0.18162
0.90489  0.36885  0.18043
0.90582  0.37026  0.17925
0.90673  0.37167  0.17808
0.90765  0.37310  0.17685
0.90855  0.37454  0.17565
0.90945  0.37596  0.17447
0.91036  0.37740  0.17326
0.91125  0.37883  0.17206
0.91214  0.38028  0.17087
0.91302  0.38172  0.16969
0.91390  0.38318  0.16847
0.91477  0.38463  0.16729
0.91563  0.38608  0.16607
0.91650  0.38755  0.16487
0.91736  0.38903  0.16370
0.91822  0.39049  0.16249
0.91906  0.39197  0.16129
0.91991  0.39344  0.16003
0.92075  0.39493  0.15885
0.92158  0.39642  0.15760
0.92242  0.39791  0.15641
0.92324  0.39939  0.15516
0.92406  0.40091  0.15393
0.92487  0.40239  0.15270
0.92568  0.40390  0.15148
0.92648  0.40541  0.15028
0.92728  0.40692  0.14903
0.92807  0.40844  0.14781
0.92886  0.40996  0.14655
0.92964  0.41148  0.14537
0.93042  0.41302  0.14412
0.93120  0.41454  0.14289
0.93197  0.41607  0.14167
0.93273  0.41761  0.14044
0.93349  0.41915  0.13917
0.93424  0.42069  0.13799
0.93499  0.42224  0.13671
0.93573  0.42379  0.13547
0.93647  0.42536  0.13424
0.93721  0.42691  0.13297
0.93793  0.42847  0.13171
0.93865  0.43003  0.13048
0.93937  0.43161  0.12919
0.94008  0.43317  0.12797
0.94079  0.43475  0.12670
0.94149  0.43633  0.12547
0.94219  0.43791  0.12419
0.94288  0.43949  0.12292
0.94356  0.44107  0.12167
0.94424  0.44268  0.12042
0.94492  0.44427  0.11919
0.94559  0.44586  0.11793
0.94625  0.44746  0.11666
0.94691  0.44908  0.11537
0.94757  0.45068  0.11407
0.94822  0.45230  0.11283
0.94887  0.45391  0.11153
0.94951  0.45553  0.11026
0.95014  0.45715  0.10897
0.95078  0.45877  0.10770
0.95140  0.46039  0.10649
0.95202  0.46203  0.10516
0.95264  0.46366  0.10391
0.95325  0.46528  0.10262
0.95385  0.46693  0.10130
0.95445  0.46856  0.10001
0.95504  0.47021  0.09872
0.95563  0.47186  0.09742
0.95621  0.47350  0.09608
0.95678  0.47517  0.09485
0.95735  0.47681  0.09349
0.95792  0.47847  0.09225
0.95848  0.48013  0.09097
0.95904  0.48179  0.08967
0.95959  0.48345  0.08837
0.96014  0.48513  0.08709
0.96068  0.48681  0.08568
0.96122  0.48849  0.08447
0.96174  0.49016  0.08313
0.96227  0.49184  0.08192
0.96280  0.49352  0.08059
0.96331  0.49520  0.07927
0.96382  0.49689  0.07795
0.96433  0.49859  0.07664
0.96483  0.50027  0.07533
0.96532  0.50197  0.07406
0.96581  0.50367  0.07273
0.96629  0.50536  0.07147
0.96676  0.50707  0.07012
0.96724  0.50878  0.06890
0.96770  0.51048  0.06756
0.96817  0.51220  0.06626
0.96862  0.51392  0.06498
0.96908  0.51563  0.06372
0.96952  0.51736  0.06248
0.96997  0.51907  0.06112
0.97040  0.52078  0.05997
0.97083  0.52250  0.05865
0.97126  0.52423  0.05736
0.97168  0.52596  0.05617
0.97209  0.52769  0.05486
0.97250  0.52944  0.05359
0.97291  0.53117  0.05234
0.97331  0.53290  0.05110
0.97370  0.53464  0.04989
0.97409  0.53639  0.04870
0.97448  0.53814  0.04745
0.97486  0.53988  0.04625
0.97523  0.54163  0.04515
0.97559  0.54339  0.04393
0.97596  0.54514  0.04274
0.97631  0.54690  0.04168
0.97666  0.54866  0.04047
0.97701  0.55041  0.03932
0.97735  0.55218  0.03823
0.97768  0.55394  0.03718
0.97801  0.55571  0.03617
0.97834  0.55749  0.03522
0.97866  0.55926  0.03410
0.97897  0.56103  0.03325
0.97928  0.56281  0.03242
0.97959  0.56458  0.03162
0.97989  0.56637  0.03085
0.98018  0.56814  0.03009
0.98046  0.56992  0.02937
0.98074  0.57170  0.02869
0.98102  0.57349  0.02806
0.98129  0.57528  0.02746
0.98156  0.57707  0.02690
0.98182  0.57886  0.02639
0.98208  0.58065  0.02593
0.98233  0.58245  0.02550
0.98257  0.58426  0.02511
0.98281  0.58606  0.02476
0.98304  0.58786  0.02445
0.98327  0.58966  0.02420
0.98349  0.59147  0.02400
0.98371  0.59328  0.02382
0.98393  0.59508  0.02368
0.98413  0.59690  0.02360
0.98433  0.59871  0.02358
0.98453  0.60052  0.02360
0.98472  0.60234  0.02365
0.98490  0.60416  0.02376
0.98509  0.60597  0.02392
0.98526  0.60780  0.02412
0.98543  0.60962  0.02437
0.98559  0.61145  0.02467
0.98575  0.61327  0.02503
0.98590  0.61510  0.02544
0.98604  0.61694  0.02589
0.98619  0.61877  0.02640
0.98632  0.62060  0.02696
0.98645  0.62243  0.02757
0.98658  0.62427  0.02824
0.98670  0.62610  0.02897
0.98681  0.62794  0.02976
0.98692  0.62978  0.03059
0.98702  0.63163  0.03145
0.98712  0.63347  0.03237
0.98722  0.63532  0.03333
0.98731  0.63717  0.03439
0.98739  0.63902  0.03567
0.98746  0.64087  0.03681
0.98753  0.64273  0.03805
0.98760  0.64458  0.03935
0.98766  0.64644  0.04071
0.98771  0.64829  0.04215
0.98776  0.65015  0.04346
0.98780  0.65201  0.04504
0.98784  0.65387  0.04648
0.98787  0.65573  0.04797
0.98790  0.65760  0.04959
0.98792  0.65946  0.05109
0.98794  0.66133  0.05266
0.98794  0.66320  0.05429
0.98795  0.66506  0.05599
0.98794  0.66693  0.05758
0.98794  0.66881  0.05938
0.98792  0.67068  0.06098
0.98791  0.67256  0.06280
0.98788  0.67443  0.06448
0.98785  0.67631  0.06624
0.98782  0.67819  0.06805
0.98778  0.68006  0.06987
0.98773  0.68194  0.07169
0.98768  0.68383  0.07356
0.98762  0.68572  0.07534
0.98756  0.68760  0.07719
0.98749  0.68949  0.07908
0.98742  0.69137  0.08102
0.98734  0.69326  0.08290
0.98726  0.69514  0.08484
0.98717  0.69703  0.08678
0.98707  0.69892  0.08873
0.98697  0.70082  0.09071
0.98686  0.70271  0.09266
0.98675  0.70460  0.09474
0.98663  0.70650  0.09666
0.98651  0.70840  0.09873
0.98638  0.71029  0.10075
0.98625  0.71219  0.10282
0.98611  0.71409  0.10483
0.98596  0.71600  0.10697
0.98581  0.71790  0.10903
0.98565  0.71980  0.11114
0.98549  0.72170  0.11327
0.98532  0.72360  0.11535
0.98514  0.72552  0.11750
0.98496  0.72742  0.11965
0.98477  0.72933  0.12179
0.98458  0.73124  0.12396
0.98439  0.73315  0.12617
0.98419  0.73506  0.12834
0.98398  0.73697  0.13057
0.98377  0.73888  0.13275
0.98355  0.74079  0.13498
0.98333  0.74271  0.13721
0.98310  0.74461  0.13941
0.98286  0.74652  0.14171
0.98262  0.74844  0.14398
0.98237  0.75035  0.14625
0.98212  0.75227  0.14853
0.98186  0.75419  0.15085
0.98160  0.75611  0.15316
0.98133  0.75804  0.15551
0.98105  0.75995  0.15785
0.98077  0.76187  0.16017
0.98049  0.76379  0.16258
0.98020  0.76572  0.16493
0.97991  0.76763  0.16735
0.97961  0.76955  0.16976
0.97931  0.77147  0.17216
0.97900  0.77339  0.17462
0.97868  0.77531  0.17704
0.97836  0.77724  0.17947
0.97804  0.77916  0.18190
0.97770  0.78108  0.18438
0.97737  0.78300  0.18686
0.97703  0.78493  0.18937
0.97668  0.78685  0.19189
0.97633  0.78877  0.19445
0.97598  0.79069  0.19699
0.97561  0.79262  0.19950
0.97525  0.79455  0.20207
0.97488  0.79647  0.20467
0.97450  0.79839  0.20726
0.97412  0.80032  0.20987
0.97373  0.80224  0.21251
0.97334  0.80417  0.21514
0.97295  0.80609  0.21781
0.97255  0.80801  0.22050
0.97215  0.80993  0.22318
0.97174  0.81186  0.22588
0.97133  0.81378  0.22860
0.97091  0.81570  0.23133
0.97049  0.81761  0.23407
0.97007  0.81953  0.23686
0.96964  0.82145  0.23962
0.96921  0.82337  0.24241
0.96878  0.82529  0.24521
0.96834  0.82721  0.24807
0.96790  0.82913  0.25089
0.96746  0.83104  0.25375
0.96701  0.83295  0.25662
0.96656  0.83486  0.25952
0.96610  0.83678  0.26242
0.96564  0.83868  0.26535
0.96518  0.84060  0.26830
0.96472  0.84251  0.27127
0.96425  0.84441  0.27426
0.96379  0.84632  0.27728
0.96332  0.84822  0.28030
0.96286  0.85012  0.28337
0.96239  0.85202  0.28642
0.96191  0.85391  0.28952
0.96144  0.85581  0.29261
0.96097  0.85769  0.29573
0.96050  0.85958  0.29887
0.96002  0.86147  0.30202
0.95955  0.86335  0.30522
0.95907  0.86523  0.30842
0.95860  0.86710  0.31164
0.95813  0.86899  0.31489
0.95765  0.87086  0.31818
0.95718  0.87273  0.32147
0.95672  0.87459  0.32479
0.95626  0.87645  0.32813
0.95580  0.87831  0.33148
0.95535  0.88015  0.33489
0.95489  0.88200  0.33827
0.95444  0.88385  0.34172
0.95400  0.88569  0.34517
0.95356  0.88752  0.34865
0.95312  0.88935  0.35215
0.95270  0.89117  0.35569
0.95228  0.89299  0.35922
0.95187  0.89481  0.36280
0.95147  0.89661  0.36640
0.95107  0.89841  0.37001
0.95069  0.90020  0.37366
0.95031  0.90199  0.37732
0.94995  0.90376  0.38102
0.94960  0.90554  0.38472
0.94926  0.90730  0.38846
0.94893  0.90905  0.39222
0.94862  0.91080  0.39600
0.94833  0.91253  0.39979
0.94805  0.91427  0.40363
0.94779  0.91598  0.40747
0.94755  0.91770  0.41133
0.94733  0.91940  0.41523
0.94713  0.92109  0.41915
0.94694  0.92278  0.42307
0.94679  0.92444  0.42703
0.94665  0.92610  0.43099
0.94653  0.92775  0.43498
0.94644  0.92938  0.43896
0.94638  0.93101  0.44298
0.94635  0.93261  0.44700
0.94634  0.93421  0.45105
0.94636  0.93581  0.45511
0.94641  0.93738  0.45917
0.94649  0.93894  0.46322
0.94660  0.94049  0.46732
0.94674  0.94203  0.47141
0.94693  0.94355  0.47550
0.94714  0.94506  0.47959
0.94738  0.94655  0.48369
0.94766  0.94803  0.48781
0.94798  0.94949  0.49191
0.94833  0.95094  0.49600
0.94871  0.95238  0.50010
0.94913  0.95380  0.50421
0.94959  0.95521  0.50829
0.95009  0.95660  0.51237
0.95062  0.95799  0.51645
0.95119  0.95936  0.52052
0.95180  0.96072  0.52458
0.95245  0.96205  0.52863
0.95312  0.96339  0.53267
0.95384  0.96470  0.53669
0.95459  0.96601  0.54069
0.95539  0.96730  0.54468
0.95621  0.96857  0.54867
0.95706  0.96984  0.55262
0.95797  0.97109  0.55656
0.95890  0.97233  0.56049
0.95985  0.97356  0.56440
0.96084  0.97478  0.56828
0.96187  0.97599  0.57215
0.96294  0.97719  0.57600
0.96402  0.97838  0.57982
0.96514  0.97957  0.58361
0.96631  0.98073  0.58739
0.96750  0.98190  0.59114
0.96869  0.98305  0.59488
0.96993  0.98419  0.59859
0.97121  0.98532  0.60228
0.97252  0.98644  0.60594
0.97383  0.98756  0.60960
0.97517  0.98867  0.61323
0.97654  0.98978  0.61684
0.97795  0.99087  0.62043
0.97938  0.99196  0.62399
0.98082  0.99305  0.62753
0.98228  0.99412  0.63106
0.98375  0.99519  0.63456
0.98527  0.99625  0.63803
0.98682  0.99731  0.64148
0.98836  0.99836  0.64492
