1024
0.00000  0.00000  0.00000
0.00139  0.00139  0.00139
0.00277  0.00277  0.00277
0.00416  0.00416  0.00416
0.00554  0.00554  0.00554
0.00693  0.00693  0.00693
0.00831  0.00832  0.00832
0.00970  0.00971  0.00971
0.01117  0.01118  0.01118
0.01267  0.01268  0.01268
0.01406  0.01406  0.01407
0.01544  0.01545  0.01545
0.01683  0.01683  0.01683
0.01822  0.01822  0.01822
0.01961  0.01961  0.01960
0.02099  0.02100  0.02099
0.02237  0.02238  0.02237
0.02376  0.02377  0.02376
0.02515  0.02516  0.02515
0.02654  0.02654  0.02654
0.02792  0.02793  0.02793
0.02930  0.02931  0.02931
0.03069  0.03070  0.03070
0.03207  0.03208  0.03208
0.03344  0.03345  0.03345
0.03501  0.03502  0.03502
0.03642  0.03643  0.03643
0.03782  0.03783  0.03783
0.03921  0.03922  0.03922
0.04059  0.04060  0.04060
0.04198  0.04199  0.04198
0.04315  0.04317  0.04316
0.04457  0.04459  0.04458
0.04576  0.04578  0.04577
0.04711  0.04712  0.04711
0.04832  0.04833  0.04832
0.04959  0.04960  0.04960
0.05072  0.05074  0.05074
0.05188  0.05189  0.05189
0.05303  0.05305  0.05305
0.05418  0.05420  0.05420
0.05533  0.05535  0.05535
0.05651  0.05652  0.05652
0.05751  0.05753  0.05753
0.05864  0.05866  0.05866
0.05979  0.05980  0.05980
0.06076  0.06077  0.06077
0.06178  0.06180  0.06180
0.06290  0.06292  0.06292
0.06387  0.06389  0.06389
0.06487  0.06489  0.06488
0.06586  0.06588  0.06587
0.06685  0.06687  0.06686
0.06784  0.06785  0.06784
0.06884  0.06886  0.06885
0.06977  0.06978  0.06978
0.07066  0.07068  0.07068
0.07163  0.07164  0.07164
0.07250  0.07252  0.07251
0.07349  0.07351  0.07350
0.07434  0.07436  0.07435
0.07521  0.07523  0.07522
0.07608  0.07609  0.07609
0.07694  0.07696  0.07696
0.07781  0.07783  0.07783
0.07868  0.07869  0.07869
0.07954  0.07956  0.07955
0.08040  0.08043  0.08042
0.08127  0.08130  0.08129
0.08213  0.08216  0.08215
0.08289  0.08292  0.08292
0.08375  0.08378  0.08378
0.08457  0.08459  0.08459
0.08531  0.08533  0.08533
0.08609  0.08613  0.08613
0.08696  0.08700  0.08699
0.08774  0.08777  0.08776
0.08850  0.08853  0.08852
0.08928  0.08931  0.08930
0.09005  0.09008  0.09007
0.09082  0.09085  0.09084
0.09159  0.09163  0.09162
0.09231  0.09234  0.09233
0.09301  0.09304  0.09304
0.09380  0.09383  0.09383
0.09460  0.09462  0.09462
0.09534  0.09536  0.09536
0.09604  0.09606  0.09606
0.09677  0.09680  0.09679
0.09759  0.09762  0.09761
0.09835  0.09838  0.09837
0.09908  0.09911  0.09910
0.09984  0.09987  0.09986
0.10059  0.10062  0.10061
0.10134  0.10138  0.10137
0.10210  0.10214  0.10214
0.10288  0.10292  0.10292
0.10366  0.10368  0.10368
0.10437  0.10439  0.10439
0.10513  0.10516  0.10515
0.10594  0.10597  0.10596
0.10673  0.10676  0.10675
0.10746  0.10749  0.10748
0.10818  0.10822  0.10821
0.10898  0.10902  0.10901
0.10979  0.10983  0.10982
0.11054  0.11057  0.11056
0.11131  0.11134  0.11133
0.11207  0.11210  0.11209
0.11286  0.11289  0.11288
0.11361  0.11364  0.11363
0.11433  0.11436  0.11435
0.11511  0.11514  0.11513
0.11593  0.11595  0.11594
0.11668  0.11671  0.11670
0.11743  0.11747  0.11746
0.11825  0.11829  0.11827
0.11901  0.11904  0.11903
0.11976  0.11979  0.11978
0.12053  0.12056  0.12055
0.12130  0.12133  0.12132
0.12207  0.12210  0.12209
0.12285  0.12288  0.12287
0.12363  0.12366  0.12365
0.12442  0.12445  0.12444
0.12522  0.12525  0.12524
0.12602  0.12605  0.12604
0.12677  0.12679  0.12678
0.12756  0.12759  0.12758
0.12836  0.12838  0.12837
0.12912  0.12914  0.12914
0.12995  0.12998  0.12997
0.13073  0.13075  0.13075
0.13149  0.13152  0.13152
0.13228  0.13231  0.13231
0.13307  0.13309  0.13309
0.13386  0.13389  0.13388
0.13466  0.13469  0.13468
0.13541  0.13545  0.13543
0.13618  0.13621  0.13620
0.13700  0.13704  0.13703
0.13782  0.13785  0.13784
0.13859  0.13862  0.13861
0.13934  0.13938  0.13937
0.14015  0.14019  0.14018
0.14098  0.14102  0.14101
0.14176  0.14180  0.14179
0.14255  0.14259  0.14258
0.14335  0.14338  0.14337
0.14415  0.14418  0.14417
0.14496  0.14499  0.14498
0.14575  0.14579  0.14578
0.14651  0.14655  0.14654
0.14733  0.14737  0.14736
0.14812  0.14816  0.14815
0.14892  0.14896  0.14895
0.14975  0.14979  0.14978
0.15053  0.15057  0.15056
0.15132  0.15136  0.15135
0.15211  0.15215  0.15214
0.15291  0.15295  0.15294
0.15372  0.15376  0.15375
0.15452  0.15457  0.15456
0.15534  0.15538  0.15538
0.15618  0.15621  0.15621
0.15696  0.15699  0.15699
0.15775  0.15780  0.15779
0.15858  0.15863  0.15862
0.15936  0.15940  0.15939
0.16015  0.16020  0.16018
0.16100  0.16105  0.16104
0.16183  0.16187  0.16186
0.16263  0.16267  0.16266
0.16345  0.16349  0.16348
0.16426  0.16430  0.16429
0.16503  0.16507  0.16506
0.16584  0.16588  0.16587
0.16669  0.16673  0.16672
0.16749  0.16753  0.16752
0.16829  0.16833  0.16832
0.16914  0.16918  0.16917
0.16994  0.16998  0.16997
0.17075  0.17079  0.17078
0.17156  0.17160  0.17159
0.17237  0.17242  0.17241
0.17319  0.17324  0.17323
0.17401  0.17406  0.17405
0.17485  0.17489  0.17488
0.17564  0.17568  0.17567
0.17645  0.17649  0.17648
0.17731  0.17735  0.17734
0.17814  0.17818  0.17817
0.17894  0.17898  0.17897
0.17975  0.17979  0.17978
0.18057  0.18061  0.18060
0.18139  0.18143  0.18142
0.18221  0.18225  0.18224
0.18304  0.18308  0.18307
0.18388  0.18392  0.18391
0.18471  0.18476  0.18475
0.18556  0.18560  0.18559
0.18637  0.18641  0.18640
0.18720  0.18725  0.18724
0.18804  0.18809  0.18808
0.18885  0.18890  0.18889
0.18967  0.18972  0.18971
0.19049  0.19054  0.19053
0.19132  0.19137  0.19136
0.19216  0.19221  0.19220
0.19300  0.19305  0.19304
0.19384  0.19389  0.19388
0.19468  0.19473  0.19472
0.19549  0.19554  0.19553
0.19634  0.19639  0.19638
0.19717  0.19722  0.19721
0.19799  0.19804  0.19803
0.19881  0.19886  0.19885
0.19964  0.19969  0.19968
0.20048  0.20053  0.20052
0.20132  0.20137  0.20136
0.20216  0.20221  0.20220
0.20301  0.20306  0.20305
0.20387  0.20392  0.20391
0.20470  0.20475  0.20474
0.20554  0.20559  0.20558
0.20640  0.20645  0.20644
0.20723  0.20727  0.20726
0.20806  0.20811  0.20810
0.20890  0.20895  0.20894
0.20974  0.20979  0.20978
0.21058  0.21063  0.21062
0.21144  0.21149  0.21148
0.21228  0.21233  0.21232
0.21310  0.21316  0.21315
0.21397  0.21402  0.21401
0.21479  0.21485  0.21484
0.21566  0.21572  0.21570
0.21652  0.21658  0.21656
0.21735  0.21741  0.21740
0.21820  0.21825  0.21825
0.21905  0.21910  0.21909
0.21990  0.21995  0.21994
0.22076  0.22081  0.22080
0.22159  0.22164  0.22163
0.22245  0.22250  0.22249
0.22331  0.22336  0.22335
0.22413  0.22418  0.22417
0.22499  0.22504  0.22503
0.22587  0.22592  0.22591
0.22672  0.22677  0.22676
0.22757  0.22762  0.22761
0.22843  0.22849  0.22848
0.22926  0.22932  0.22930
0.23010  0.23016  0.23014
0.23099  0.23104  0.23102
0.23186  0.23190  0.23189
0.23269  0.23274  0.23273
0.23353  0.23358  0.23357
0.23442  0.23447  0.23446
0.23528  0.23533  0.23532
0.23614  0.23619  0.23618
0.23700  0.23705  0.23704
0.23785  0.23790  0.23789
0.23869  0.23875  0.23874
0.23957  0.23962  0.23961
0.24041  0.24046  0.24045
0.24129  0.24134  0.24133
0.24215  0.24220  0.24219
0.24300  0.24305  0.24304
0.24386  0.24391  0.24390
0.24473  0.24478  0.24476
0.24560  0.24565  0.24563
0.24646  0.24652  0.24650
0.24734  0.24740  0.24738
0.24822  0.24828  0.24826
0.24907  0.24913  0.24911
0.24992  0.24997  0.24995
0.25080  0.25086  0.25084
0.25167  0.25174  0.25172
0.25253  0.25260  0.25258
0.25340  0.25346  0.25345
0.25428  0.25434  0.25433
0.25515  0.25521  0.25520
0.25600  0.25606  0.25605
0.25688  0.25694  0.25693
0.25774  0.25780  0.25779
0.25862  0.25869  0.25867
0.25950  0.25957  0.25955
0.26037  0.26043  0.26041
0.26124  0.26130  0.26128
0.26212  0.26218  0.26216
0.26300  0.26306  0.26304
0.26388  0.26394  0.26392
0.26473  0.26479  0.26477
0.26562  0.26568  0.26566
0.26650  0.26655  0.26653
0.26735  0.26741  0.26740
0.26824  0.26830  0.26829
0.26914  0.26919  0.26918
0.27002  0.27007  0.27005
0.27089  0.27095  0.27093
0.27174  0.27180  0.27178
0.27263  0.27269  0.27267
0.27352  0.27359  0.27357
0.27439  0.27445  0.27443
0.27528  0.27535  0.27533
0.27617  0.27623  0.27621
0.27704  0.27711  0.27709
0.27792  0.27799  0.27797
0.27880  0.27887  0.27885
0.27969  0.27975  0.27974
0.28055  0.28062  0.28060
0.28144  0.28151  0.28149
0.28234  0.28241  0.28239
0.28322  0.28329  0.28327
0.28410  0.28417  0.28415
0.28498  0.28505  0.28503
0.28586  0.28593  0.28591
0.28675  0.28682  0.28680
0.28764  0.28771  0.28769
0.28854  0.28861  0.28859
0.28943  0.28950  0.28948
0.29030  0.29037  0.29035
0.29121  0.29128  0.29126
0.29210  0.29216  0.29214
0.29298  0.29304  0.29302
0.29387  0.29393  0.29391
0.29476  0.29482  0.29480
0.29565  0.29572  0.29570
0.29655  0.29662  0.29660
0.29744  0.29751  0.29749
0.29832  0.29839  0.29837
0.29923  0.29930  0.29928
0.30011  0.30018  0.30016
0.30100  0.30107  0.30105
0.30189  0.30196  0.30194
0.30279  0.30286  0.30284
0.30369  0.30376  0.30374
0.30459  0.30466  0.30464
0.30551  0.30557  0.30555
0.30640  0.30646  0.30645
0.30728  0.30734  0.30733
0.30818  0.30824  0.30823
0.30909  0.30916  0.30915
0.30999  0.31005  0.31004
0.31089  0.31095  0.31094
0.31177  0.31183  0.31181
0.31267  0.31273  0.31271
0.31358  0.31365  0.31363
0.31447  0.31454  0.31452
0.31538  0.31545  0.31543
0.31628  0.31636  0.31634
0.31718  0.31725  0.31723
0.31808  0.31816  0.31814
0.31898  0.31906  0.31904
0.31989  0.31997  0.31995
0.32080  0.32088  0.32086
0.32169  0.32177  0.32175
0.32260  0.32269  0.32267
0.32350  0.32358  0.32356
0.32440  0.32448  0.32447
0.32531  0.32538  0.32537
0.32622  0.32628  0.32627
0.32713  0.32719  0.32718
0.32804  0.32811  0.32809
0.32896  0.32903  0.32901
0.32986  0.32993  0.32991
0.33076  0.33082  0.33080
0.33167  0.33174  0.33172
0.33260  0.33267  0.33265
0.33350  0.33357  0.33355
0.33441  0.33449  0.33446
0.33532  0.33540  0.33538
0.33621  0.33629  0.33627
0.33714  0.33722  0.33720
0.33804  0.33812  0.33810
0.33896  0.33904  0.33902
0.33987  0.33995  0.33993
0.34078  0.34086  0.34084
0.34169  0.34177  0.34176
0.34262  0.34269  0.34268
0.34352  0.34359  0.34358
0.34443  0.34451  0.34450
0.34535  0.34543  0.34541
0.34626  0.34634  0.34632
0.34719  0.34727  0.34725
0.34810  0.34818  0.34816
0.34902  0.34910  0.34908
0.34994  0.35002  0.35000
0.35086  0.35094  0.35092
0.35176  0.35184  0.35182
0.35269  0.35277  0.35275
0.35361  0.35368  0.35366
0.35454  0.35462  0.35460
0.35546  0.35554  0.35552
0.35638  0.35646  0.35644
0.35730  0.35738  0.35736
0.35821  0.35829  0.35827
0.35913  0.35921  0.35919
0.36005  0.36013  0.36011
0.36097  0.36104  0.36102
0.36191  0.36198  0.36196
0.36282  0.36289  0.36287
0.36374  0.36382  0.36380
0.36467  0.36474  0.36472
0.36559  0.36567  0.36565
0.36653  0.36660  0.36659
0.36744  0.36752  0.36750
0.36837  0.36846  0.36844
0.36930  0.36938  0.36936
0.37022  0.37030  0.37028
0.37114  0.37122  0.37120
0.37206  0.37215  0.37213
0.37299  0.37308  0.37306
0.37393  0.37402  0.37400
0.37486  0.37494  0.37492
0.37579  0.37587  0.37585
0.37672  0.37680  0.37678
0.37764  0.37773  0.37771
0.37857  0.37865  0.37863
0.37950  0.37958  0.37956
0.38044  0.38052  0.38050
0.38137  0.38145  0.38143
0.38229  0.38237  0.38235
0.38324  0.38332  0.38330
0.38416  0.38424  0.38422
0.38509  0.38517  0.38515
0.38602  0.38610  0.38608
0.38696  0.38704  0.38702
0.38790  0.38798  0.38796
0.38884  0.38892  0.38890
0.38976  0.38984  0.38982
0.39070  0.39078  0.39076
0.39164  0.39172  0.39170
0.39257  0.39265  0.39263
0.39350  0.39359  0.39357
0.39444  0.39453  0.39451
0.39538  0.39547  0.39545
0.39632  0.39641  0.39638
0.39725  0.39734  0.39732
0.39820  0.39829  0.39826
0.39913  0.39922  0.39919
0.40007  0.40016  0.40013
0.40102  0.40111  0.40109
0.40194  0.40203  0.40201
0.40289  0.40298  0.40296
0.40383  0.40392  0.40390
0.40476  0.40485  0.40483
0.40572  0.40581  0.40579
0.40665  0.40674  0.40672
0.40759  0.40768  0.40766
0.40854  0.40863  0.40861
0.40948  0.40957  0.40955
0.41043  0.41052  0.41050
0.41136  0.41145  0.41143
0.41232  0.41241  0.41239
0.41326  0.41335  0.41333
0.41420  0.41429  0.41427
0.41514  0.41523  0.41521
0.41609  0.41618  0.41616
0.41704  0.41713  0.41711
0.41798  0.41807  0.41805
0.41893  0.41902  0.41900
0.41988  0.41997  0.41995
0.42082  0.42091  0.42089
0.42176  0.42185  0.42183
0.42271  0.42280  0.42278
0.42366  0.42375  0.42373
0.42462  0.42471  0.42469
0.42557  0.42566  0.42564
0.42651  0.42661  0.42659
0.42747  0.42756  0.42754
0.42842  0.42851  0.42849
0.42937  0.42946  0.42944
0.43032  0.43041  0.43039
0.43128  0.43137  0.43135
0.43223  0.43232  0.43230
0.43317  0.43326  0.43324
0.43412  0.43421  0.43419
0.43509  0.43518  0.43516
0.43604  0.43613  0.43611
0.43699  0.43708  0.43706
0.43795  0.43804  0.43802
0.43890  0.43898  0.43896
0.43986  0.43995  0.43992
0.44080  0.44090  0.44087
0.44177  0.44187  0.44184
0.44272  0.44282  0.44279
0.44368  0.44378  0.44375
0.44464  0.44474  0.44471
0.44558  0.44568  0.44565
0.44655  0.44665  0.44662
0.44750  0.44760  0.44757
0.44847  0.44857  0.44854
0.44943  0.44953  0.44950
0.45039  0.45048  0.45045
0.45135  0.45144  0.45141
0.45231  0.45240  0.45238
0.45326  0.45335  0.45333
0.45422  0.45432  0.45430
0.45518  0.45528  0.45526
0.45614  0.45624  0.45622
0.45710  0.45720  0.45718
0.45806  0.45816  0.45814
0.45903  0.45913  0.45911
0.45999  0.46009  0.46006
0.46095  0.46105  0.46102
0.46192  0.46202  0.46199
0.46287  0.46297  0.46295
0.46385  0.46395  0.46393
0.46481  0.46491  0.46489
0.46576  0.46587  0.46584
0.46674  0.46684  0.46682
0.46770  0.46780  0.46777
0.46867  0.46877  0.46874
0.46965  0.46975  0.46972
0.47061  0.47071  0.47068
0.47158  0.47168  0.47165
0.47254  0.47264  0.47261
0.47350  0.47360  0.47357
0.47448  0.47458  0.47455
0.47545  0.47555  0.47552
0.47641  0.47651  0.47648
0.47738  0.47748  0.47745
0.47835  0.47845  0.47842
0.47932  0.47942  0.47939
0.48029  0.48039  0.48036
0.48126  0.48136  0.48133
0.48224  0.48233  0.48230
0.48320  0.48329  0.48327
0.48416  0.48426  0.48424
0.48513  0.48524  0.48522
0.48610  0.48622  0.48619
0.48709  0.48720  0.48717
0.48806  0.48817  0.48814
0.48902  0.48913  0.48911
0.49000  0.49011  0.49009
0.49099  0.49109  0.49107
0.49196  0.49206  0.49204
0.49292  0.49302  0.49300
0.49390  0.49401  0.49399
0.49488  0.49499  0.49496
0.49585  0.49596  0.49593
0.49683  0.49694  0.49690
0.49782  0.49792  0.49789
0.49878  0.49889  0.49886
0.49975  0.49986  0.49983
0.50073  0.50085  0.50082
0.50171  0.50183  0.50181
0.50269  0.50279  0.50277
0.50368  0.50378  0.50375
0.50467  0.50476  0.50473
0.50562  0.50573  0.50570
0.50661  0.50672  0.50669
0.50759  0.50770  0.50767
0.50858  0.50869  0.50866
0.50955  0.50966  0.50963
0.51053  0.51064  0.51061
0.51151  0.51162  0.51159
0.51249  0.51260  0.51257
0.51348  0.51359  0.51356
0.51446  0.51457  0.51454
0.51543  0.51554  0.51551
0.51642  0.51653  0.51650
0.51741  0.51752  0.51749
0.51839  0.51850  0.51847
0.51937  0.51948  0.51945
0.52035  0.52046  0.52043
0.52134  0.52145  0.52142
0.52232  0.52243  0.52240
0.52332  0.52342  0.52339
0.52430  0.52441  0.52438
0.52529  0.52540  0.52537
0.52628  0.52639  0.52636
0.52726  0.52737  0.52734
0.52824  0.52836  0.52833
0.52923  0.52935  0.52932
0.53021  0.53033  0.53031
0.53120  0.53131  0.53129
0.53220  0.53230  0.53228
0.53318  0.53329  0.53326
0.53417  0.53428  0.53425
0.53516  0.53527  0.53524
0.53615  0.53626  0.53623
0.53715  0.53725  0.53723
0.53813  0.53824  0.53822
0.53912  0.53923  0.53921
0.54011  0.54022  0.54019
0.54110  0.54120  0.54118
0.54209  0.54220  0.54217
0.54309  0.54320  0.54317
0.54408  0.54419  0.54416
0.54507  0.54518  0.54515
0.54607  0.54618  0.54615
0.54705  0.54716  0.54713
0.54805  0.54816  0.54813
0.54904  0.54916  0.54913
0.55003  0.55015  0.55012
0.55103  0.55115  0.55112
0.55203  0.55214  0.55211
0.55302  0.55313  0.55310
0.55402  0.55413  0.55410
0.55501  0.55512  0.55509
0.55600  0.55611  0.55608
0.55701  0.55712  0.55709
0.55800  0.55811  0.55808
0.55899  0.55911  0.55909
0.55999  0.56011  0.56009
0.56098  0.56111  0.56108
0.56199  0.56211  0.56208
0.56299  0.56311  0.56308
0.56399  0.56411  0.56408
0.56498  0.56510  0.56507
0.56598  0.56610  0.56607
0.56699  0.56711  0.56708
0.56798  0.56810  0.56807
0.56898  0.56910  0.56907
0.56998  0.57010  0.57007
0.57098  0.57110  0.57107
0.57198  0.57210  0.57207
0.57299  0.57311  0.57308
0.57399  0.57410  0.57407
0.57499  0.57511  0.57508
0.57600  0.57612  0.57609
0.57700  0.57712  0.57709
0.57800  0.57812  0.57809
0.57901  0.57913  0.57910
0.58001  0.58013  0.58010
0.58101  0.58113  0.58110
0.58201  0.58213  0.58210
0.58301  0.58313  0.58310
0.58402  0.58414  0.58411
0.58503  0.58516  0.58512
0.58604  0.58616  0.58613
0.58704  0.58716  0.58713
0.58805  0.58817  0.58814
0.58905  0.58917  0.58914
0.59006  0.59018  0.59015
0.59107  0.59119  0.59116
0.59208  0.59220  0.59217
0.59309  0.59321  0.59318
0.59409  0.59421  0.59418
0.59510  0.59522  0.59519
0.59611  0.59623  0.59620
0.59712  0.59724  0.59722
0.59812  0.59825  0.59822
0.59914  0.59927  0.59924
0.60015  0.60027  0.60025
0.60116  0.60128  0.60125
0.60217  0.60229  0.60226
0.60319  0.60331  0.60328
0.60420  0.60432  0.60429
0.60521  0.60533  0.60529
0.60622  0.60634  0.60630
0.60723  0.60736  0.60732
0.60824  0.60838  0.60834
0.60925  0.60939  0.60935
0.61026  0.61040  0.61036
0.61128  0.61141  0.61138
0.61229  0.61242  0.61239
0.61330  0.61343  0.61340
0.61431  0.61444  0.61441
0.61533  0.61546  0.61543
0.61635  0.61648  0.61645
0.61737  0.61749  0.61746
0.61839  0.61851  0.61848
0.61941  0.61953  0.61950
0.62042  0.62054  0.62052
0.62143  0.62155  0.62152
0.62244  0.62257  0.62254
0.62347  0.62360  0.62357
0.62448  0.62461  0.62458
0.62550  0.62563  0.62560
0.62651  0.62664  0.62661
0.62753  0.62766  0.62763
0.62856  0.62869  0.62866
0.62957  0.62970  0.62967
0.63060  0.63073  0.63070
0.63161  0.63174  0.63171
0.63263  0.63276  0.63273
0.63365  0.63379  0.63376
0.63467  0.63481  0.63478
0.63569  0.63583  0.63579
0.63672  0.63685  0.63681
0.63774  0.63787  0.63783
0.63876  0.63889  0.63885
0.63979  0.63992  0.63988
0.64081  0.64093  0.64090
0.64183  0.64196  0.64192
0.64285  0.64298  0.64295
0.64387  0.64400  0.64397
0.64489  0.64502  0.64499
0.64591  0.64605  0.64602
0.64694  0.64707  0.64704
0.64796  0.64809  0.64806
0.64900  0.64913  0.64910
0.65002  0.65015  0.65012
0.65105  0.65118  0.65115
0.65207  0.65220  0.65217
0.65309  0.65322  0.65319
0.65412  0.65425  0.65422
0.65514  0.65528  0.65525
0.65618  0.65631  0.65628
0.65721  0.65734  0.65731
0.65823  0.65836  0.65832
0.65925  0.65939  0.65935
0.66028  0.66042  0.66038
0.66131  0.66145  0.66141
0.66235  0.66248  0.66244
0.66338  0.66351  0.66347
0.66440  0.66453  0.66450
0.66543  0.66556  0.66553
0.66645  0.66658  0.66655
0.66749  0.66762  0.66759
0.66852  0.66865  0.66862
0.66955  0.66969  0.66966
0.67058  0.67072  0.67069
0.67160  0.67174  0.67171
0.67264  0.67278  0.67275
0.67367  0.67381  0.67378
0.67470  0.67484  0.67481
0.67574  0.67587  0.67584
0.67678  0.67691  0.67688
0.67781  0.67794  0.67791
0.67884  0.67897  0.67894
0.67986  0.68000  0.67997
0.68090  0.68104  0.68101
0.68193  0.68207  0.68204
0.68297  0.68311  0.68308
0.68400  0.68414  0.68411
0.68504  0.68518  0.68515
0.68608  0.68622  0.68619
0.68712  0.68725  0.68722
0.68816  0.68829  0.68825
0.68919  0.68933  0.68929
0.69022  0.69036  0.69032
0.69126  0.69140  0.69136
0.69230  0.69244  0.69241
0.69333  0.69347  0.69344
0.69436  0.69451  0.69447
0.69540  0.69555  0.69552
0.69644  0.69659  0.69655
0.69748  0.69763  0.69759
0.69851  0.69866  0.69863
0.69955  0.69970  0.69967
0.70060  0.70074  0.70071
0.70163  0.70177  0.70174
0.70268  0.70282  0.70279
0.70371  0.70386  0.70383
0.70476  0.70491  0.70487
0.70580  0.70595  0.70591
0.70684  0.70699  0.70695
0.70788  0.70803  0.70800
0.70893  0.70907  0.70904
0.70997  0.71011  0.71008
0.71101  0.71115  0.71112
0.71205  0.71219  0.71216
0.71310  0.71324  0.71320
0.71414  0.71428  0.71425
0.71518  0.71533  0.71530
0.71623  0.71637  0.71634
0.71727  0.71742  0.71739
0.71831  0.71845  0.71842
0.71935  0.71950  0.71947
0.72039  0.72054  0.72051
0.72144  0.72159  0.72156
0.72248  0.72263  0.72260
0.72353  0.72368  0.72365
0.72458  0.72473  0.72470
0.72563  0.72578  0.72575
0.72667  0.72682  0.72679
0.72772  0.72787  0.72784
0.72876  0.72891  0.72888
0.72981  0.72996  0.72993
0.73086  0.73101  0.73098
0.73191  0.73206  0.73203
0.73295  0.73311  0.73307
0.73400  0.73416  0.73412
0.73506  0.73521  0.73517
0.73610  0.73625  0.73621
0.73715  0.73730  0.73726
0.73820  0.73835  0.73831
0.73926  0.73941  0.73937
0.74031  0.74046  0.74042
0.74135  0.74150  0.74146
0.74241  0.74256  0.74252
0.74346  0.74361  0.74357
0.74451  0.74466  0.74462
0.74556  0.74571  0.74567
0.74661  0.74676  0.74672
0.74767  0.74782  0.74778
0.74871  0.74886  0.74882
0.74976  0.74991  0.74987
0.75083  0.75098  0.75094
0.75188  0.75203  0.75199
0.75292  0.75307  0.75303
0.75398  0.75413  0.75409
0.75503  0.75519  0.75515
0.75608  0.75624  0.75620
0.75713  0.75729  0.75725
0.75819  0.75835  0.75831
0.75925  0.75940  0.75936
0.76031  0.76046  0.76042
0.76136  0.76151  0.76147
0.76242  0.76257  0.76253
0.76347  0.76362  0.76358
0.76453  0.76468  0.76464
0.76559  0.76574  0.76570
0.76664  0.76680  0.76675
0.76770  0.76785  0.76781
0.76875  0.76891  0.76887
0.76981  0.76997  0.76993
0.77087  0.77103  0.77099
0.77193  0.77209  0.77204
0.77299  0.77314  0.77310
0.77405  0.77420  0.77416
0.77511  0.77526  0.77522
0.77616  0.77632  0.77628
0.77723  0.77739  0.77735
0.77828  0.77844  0.77840
0.77934  0.77950  0.77946
0.78041  0.78056  0.78052
0.78147  0.78162  0.78158
0.78253  0.78268  0.78264
0.78359  0.78375  0.78370
0.78465  0.78481  0.78477
0.78571  0.78587  0.78583
0.78677  0.78693  0.78689
0.78783  0.78799  0.78795
0.78890  0.78906  0.78902
0.78996  0.79012  0.79008
0.79102  0.79118  0.79114
0.79208  0.79225  0.79221
0.79315  0.79331  0.79327
0.79422  0.79438  0.79434
0.79528  0.79544  0.79540
0.79634  0.79650  0.79646
0.79740  0.79757  0.79753
0.79847  0.79864  0.79860
0.79954  0.79971  0.79967
0.80060  0.80077  0.80073
0.80166  0.80183  0.80179
0.80273  0.80290  0.80286
0.80380  0.80397  0.80393
0.80487  0.80503  0.80499
0.80594  0.80610  0.80606
0.80701  0.80717  0.80713
0.80807  0.80823  0.80819
0.80914  0.80930  0.80926
0.81020  0.81036  0.81032
0.81127  0.81143  0.81139
0.81234  0.81250  0.81246
0.81341  0.81357  0.81352
0.81448  0.81464  0.81459
0.81555  0.81572  0.81567
0.81662  0.81679  0.81674
0.81769  0.81785  0.81780
0.81876  0.81892  0.81887
0.81983  0.81999  0.81994
0.82090  0.82106  0.82102
0.82197  0.82213  0.82210
0.82303  0.82320  0.82316
0.82410  0.82427  0.82423
0.82517  0.82534  0.82530
0.82625  0.82642  0.82638
0.82732  0.82749  0.82745
0.82840  0.82857  0.82853
0.82947  0.82964  0.82960
0.83054  0.83071  0.83067
0.83162  0.83179  0.83175
0.83269  0.83285  0.83281
0.83376  0.83393  0.83389
0.83483  0.83500  0.83496
0.83591  0.83608  0.83604
0.83698  0.83715  0.83711
0.83806  0.83823  0.83819
0.83913  0.83930  0.83926
0.84021  0.84038  0.84034
0.84129  0.84146  0.84142
0.84237  0.84254  0.84250
0.84344  0.84361  0.84357
0.84452  0.84469  0.84465
0.84559  0.84576  0.84572
0.84666  0.84683  0.84679
0.84774  0.84791  0.84787
0.84882  0.84899  0.84895
0.84990  0.85007  0.85003
0.85097  0.85114  0.85110
0.85205  0.85223  0.85218
0.85313  0.85330  0.85326
0.85421  0.85438  0.85434
0.85529  0.85546  0.85542
0.85637  0.85654  0.85650
0.85744  0.85761  0.85757
0.85853  0.85869  0.85865
0.85961  0.85978  0.85974
0.86069  0.86086  0.86082
0.86177  0.86194  0.86190
0.86285  0.86302  0.86298
0.86393  0.86410  0.86406
0.86501  0.86518  0.86514
0.86609  0.86626  0.86623
0.86717  0.86734  0.86730
0.86825  0.86843  0.86839
0.86933  0.86951  0.86947
0.87041  0.87059  0.87055
0.87150  0.87168  0.87164
0.87259  0.87276  0.87272
0.87367  0.87384  0.87380
0.87475  0.87492  0.87488
0.87584  0.87601  0.87597
0.87692  0.87709  0.87705
0.87801  0.87818  0.87813
0.87909  0.87926  0.87921
0.88017  0.88035  0.88030
0.88126  0.88144  0.88139
0.88234  0.88252  0.88247
0.88343  0.88360  0.88356
0.88452  0.88469  0.88464
0.88560  0.88577  0.88573
0.88669  0.88686  0.88682
0.88777  0.88794  0.88790
0.88886  0.88903  0.88899
0.88994  0.89012  0.89008
0.89102  0.89121  0.89117
0.89212  0.89230  0.89226
0.89320  0.89339  0.89334
0.89430  0.89448  0.89443
0.89539  0.89556  0.89552
0.89648  0.89665  0.89661
0.89756  0.89774  0.89770
0.89864  0.89883  0.89879
0.89973  0.89992  0.89988
0.90082  0.90101  0.90096
0.90191  0.90210  0.90205
0.90300  0.90319  0.90314
0.90409  0.90428  0.90423
0.90518  0.90537  0.90533
0.90628  0.90646  0.90642
0.90737  0.90755  0.90751
0.90846  0.90864  0.90860
0.90956  0.90973  0.90969
0.91065  0.91083  0.91078
0.91174  0.91192  0.91187
0.91283  0.91301  0.91296
0.91392  0.91410  0.91405
0.91500  0.91519  0.91514
0.91610  0.91629  0.91624
0.91720  0.91739  0.91734
0.91829  0.91847  0.91842
0.91938  0.91957  0.91952
0.92047  0.92066  0.92061
0.92157  0.92176  0.92171
0.92266  0.92285  0.92280
0.92376  0.92395  0.92390
0.92485  0.92504  0.92499
0.92594  0.92614  0.92609
0.92703  0.92723  0.92719
0.92813  0.92832  0.92828
0.92924  0.92942  0.92938
0.93034  0.93052  0.93047
0.93143  0.93161  0.93156
0.93252  0.93271  0.93266
0.93361  0.93380  0.93375
0.93471  0.93490  0.93485
0.93581  0.93601  0.93596
0.93691  0.93710  0.93705
0.93801  0.93820  0.93815
0.93911  0.93930  0.93925
0.94021  0.94040  0.94035
0.94131  0.94150  0.94145
0.94241  0.94260  0.94255
0.94350  0.94369  0.94364
0.94460  0.94479  0.94475
0.94570  0.94589  0.94585
0.94680  0.94699  0.94695
0.94789  0.94809  0.94805
0.94899  0.94919  0.94914
0.95010  0.95029  0.95024
0.95120  0.95139  0.95134
0.95230  0.95249  0.95244
0.95341  0.95360  0.95355
0.95451  0.95470  0.95465
0.95561  0.95580  0.95575
0.95671  0.95690  0.95685
0.95781  0.95800  0.95795
0.95891  0.95910  0.95905
0.96002  0.96021  0.96016
0.96112  0.96131  0.96126
0.96222  0.96241  0.96236
0.96332  0.96351  0.96346
0.96442  0.96461  0.96456
0.96553  0.96572  0.96567
0.96664  0.96682  0.96677
0.96774  0.96793  0.96789
0.96884  0.96903  0.96899
0.96994  0.97014  0.97010
0.97104  0.97124  0.97120
0.97215  0.97235  0.97231
0.97326  0.97346  0.97341
0.97436  0.97456  0.97451
0.97546  0.97566  0.97562
0.97657  0.97677  0.97673
0.97768  0.97787  0.97783
0.97879  0.97898  0.97894
0.97989  0.98009  0.98005
0.98100  0.98120  0.98115
0.98211  0.98231  0.98226
0.98321  0.98342  0.98337
0.98432  0.98453  0.98448
0.98544  0.98563  0.98559
0.98655  0.98674  0.98670
0.98765  0.98785  0.98781
0.98875  0.98896  0.98891
0.98987  0.99007  0.99002
0.99098  0.99118  0.99113
0.99209  0.99229  0.99224
0.99320  0.99340  0.99335
0.99431  0.99451  0.99446
0.99541  0.99561  0.99556
0.99651  0.99672  0.99667
0.99759  0.99783  0.99778
0.99870  0.99892  0.99891
0.99986  1.00000  1.00000
