1024
0.00146  0.00047  0.01387
0.00164  0.00066  0.01488
0.00183  0.00086  0.01598
0.00204  0.00107  0.01712
0.00226  0.00130  0.01832
0.00249  0.00153  0.01956
0.00274  0.00178  0.02088
0.00300  0.00204  0.02226
0.00327  0.00230  0.02368
0.00356  0.00258  0.02515
0.00386  0.00287  0.02669
0.00417  0.00317  0.02828
0.00450  0.00348  0.02990
0.00484  0.00380  0.03156
0.00519  0.00413  0.03327
0.00556  0.00447  0.03523
0.00593  0.00482  0.03704
0.00632  0.00519  0.03894
0.00672  0.00556  0.04091
0.00714  0.00594  0.04279
0.00756  0.00634  0.04486
0.00800  0.00674  0.04681
0.00846  0.00715  0.04884
0.00892  0.00756  0.05076
0.00940  0.00799  0.05270
0.00985  0.00843  0.05469
0.01029  0.00889  0.05672
0.01079  0.00935  0.05864
0.01140  0.00979  0.06060
0.01201  0.01020  0.06261
0.01253  0.01064  0.06451
0.01308  0.01115  0.06646
0.01366  0.01172  0.06847
0.01424  0.01223  0.07040
0.01484  0.01272  0.07241
0.01546  0.01324  0.07444
0.01609  0.01378  0.07639
0.01673  0.01432  0.07836
0.01739  0.01486  0.08036
0.01805  0.01541  0.08238
0.01873  0.01596  0.08436
0.01942  0.01652  0.08629
0.02013  0.01709  0.08834
0.02086  0.01766  0.09037
0.02159  0.01824  0.09237
0.02234  0.01883  0.09442
0.02310  0.01942  0.09636
0.02388  0.02002  0.09844
0.02468  0.02063  0.10040
0.02548  0.02125  0.10241
0.02631  0.02186  0.10440
0.02715  0.02248  0.10650
0.02799  0.02310  0.10846
0.02885  0.02374  0.11055
0.02974  0.02437  0.11258
0.03065  0.02501  0.11455
0.03155  0.02565  0.11664
0.03244  0.02630  0.11871
0.03332  0.02696  0.12071
0.03422  0.02762  0.12275
0.03535  0.02828  0.12483
0.03629  0.02895  0.12689
0.03731  0.02962  0.12896
0.03835  0.03029  0.13106
0.03941  0.03096  0.13313
0.04047  0.03165  0.13521
0.04159  0.03234  0.13730
0.04258  0.03304  0.13934
0.04360  0.03369  0.14148
0.04476  0.03441  0.14357
0.04571  0.03520  0.14569
0.04685  0.03585  0.14778
0.04783  0.03647  0.14990
0.04901  0.03715  0.15197
0.05001  0.03785  0.15409
0.05105  0.03855  0.15625
0.05209  0.03925  0.15837
0.05313  0.03995  0.16047
0.05419  0.04063  0.16264
0.05525  0.04133  0.16477
0.05636  0.04202  0.16695
0.05737  0.04259  0.16912
0.05849  0.04319  0.17126
0.05969  0.04389  0.17344
0.06071  0.04462  0.17561
0.06176  0.04525  0.17782
0.06295  0.04582  0.17995
0.06398  0.04652  0.18212
0.06505  0.04718  0.18431
0.06613  0.04773  0.18650
0.06723  0.04837  0.18871
0.06836  0.04903  0.19090
0.06949  0.04959  0.19313
0.07052  0.05014  0.19534
0.07168  0.05072  0.19757
0.07280  0.05130  0.19978
0.07396  0.05186  0.20202
0.07505  0.05242  0.20429
0.07618  0.05296  0.20653
0.07733  0.05350  0.20874
0.07848  0.05403  0.21099
0.07964  0.05454  0.21323
0.08081  0.05504  0.21550
0.08201  0.05554  0.21777
0.08309  0.05605  0.22005
0.08429  0.05658  0.22232
0.08537  0.05705  0.22459
0.08659  0.05750  0.22692
0.08780  0.05798  0.22921
0.08897  0.05847  0.23152
0.09018  0.05893  0.23379
0.09142  0.05936  0.23611
0.09257  0.05977  0.23839
0.09379  0.06017  0.24070
0.09503  0.06057  0.24301
0.09615  0.06098  0.24533
0.09739  0.06139  0.24768
0.09862  0.06180  0.24998
0.09984  0.06219  0.25234
0.10109  0.06256  0.25470
0.10236  0.06290  0.25704
0.10365  0.06323  0.25939
0.10486  0.06356  0.26173
0.10621  0.06389  0.26410
0.10746  0.06422  0.26645
0.10871  0.06454  0.26882
0.11004  0.06483  0.27116
0.11130  0.06512  0.27353
0.11259  0.06539  0.27590
0.11387  0.06565  0.27826
0.11516  0.06591  0.28062
0.11653  0.06616  0.28303
0.11785  0.06639  0.28540
0.11920  0.06662  0.28778
0.12054  0.06683  0.29016
0.12190  0.06703  0.29255
0.12327  0.06722  0.29492
0.12466  0.06740  0.29732
0.12607  0.06757  0.29969
0.12741  0.06773  0.30206
0.12880  0.06787  0.30445
0.13024  0.06801  0.30684
0.13161  0.06813  0.30924
0.13302  0.06825  0.31160
0.13445  0.06835  0.31400
0.13583  0.06844  0.31639
0.13731  0.06851  0.31876
0.13874  0.06858  0.32114
0.14019  0.06863  0.32352
0.14168  0.06867  0.32587
0.14315  0.06870  0.32824
0.14465  0.06873  0.33060
0.14613  0.06874  0.33296
0.14764  0.06874  0.33531
0.14913  0.06872  0.33765
0.15064  0.06870  0.34000
0.15214  0.06866  0.34233
0.15367  0.06861  0.34465
0.15521  0.06855  0.34699
0.15675  0.06848  0.34930
0.15830  0.06839  0.35160
0.15981  0.06830  0.35390
0.16144  0.06820  0.35619
0.16300  0.06809  0.35846
0.16458  0.06797  0.36071
0.16615  0.06784  0.36298
0.16774  0.06770  0.36523
0.16936  0.06754  0.36746
0.17092  0.06738  0.36968
0.17252  0.06722  0.37188
0.17413  0.06704  0.37409
0.17572  0.06686  0.37626
0.17738  0.06668  0.37841
0.17900  0.06648  0.38056
0.18062  0.06628  0.38269
0.18226  0.06606  0.38480
0.18393  0.06584  0.38689
0.18562  0.06562  0.38898
0.18727  0.06540  0.39104
0.18892  0.06517  0.39307
0.19058  0.06494  0.39509
0.19225  0.06471  0.39708
0.19395  0.06447  0.39906
0.19560  0.06423  0.40104
0.19729  0.06399  0.40297
0.19894  0.06375  0.40488
0.20062  0.06351  0.40678
0.20231  0.06327  0.40865
0.20403  0.06304  0.41051
0.20570  0.06281  0.41233
0.20738  0.06259  0.41413
0.20906  0.06236  0.41592
0.21075  0.06212  0.41768
0.21245  0.06189  0.41941
0.21414  0.06167  0.42110
0.21584  0.06146  0.42278
0.21753  0.06126  0.42444
0.21923  0.06108  0.42607
0.22094  0.06089  0.42769
0.22262  0.06071  0.42927
0.22429  0.06054  0.43083
0.22602  0.06038  0.43237
0.22770  0.06023  0.43386
0.22936  0.06009  0.43537
0.23106  0.05996  0.43683
0.23274  0.05985  0.43827
0.23445  0.05974  0.43968
0.23613  0.05965  0.44106
0.23782  0.05956  0.44244
0.23949  0.05949  0.44378
0.24117  0.05943  0.44509
0.24283  0.05939  0.44639
0.24450  0.05936  0.44765
0.24617  0.05934  0.44891
0.24786  0.05935  0.45013
0.24950  0.05936  0.45134
0.25117  0.05939  0.45252
0.25282  0.05944  0.45367
0.25449  0.05949  0.45481
0.25612  0.05956  0.45592
0.25777  0.05964  0.45702
0.25945  0.05975  0.45809
0.26108  0.05987  0.45914
0.26273  0.06000  0.46017
0.26437  0.06014  0.46118
0.26602  0.06030  0.46217
0.26763  0.06047  0.46314
0.26930  0.06065  0.46412
0.27093  0.06085  0.46505
0.27253  0.06106  0.46596
0.27416  0.06127  0.46687
0.27579  0.06151  0.46774
0.27739  0.06178  0.46860
0.27901  0.06208  0.46946
0.28060  0.06238  0.47029
0.28224  0.06267  0.47111
0.28384  0.06297  0.47191
0.28544  0.06327  0.47268
0.28704  0.06358  0.47344
0.28865  0.06392  0.47421
0.29023  0.06429  0.47495
0.29184  0.06466  0.47567
0.29342  0.06504  0.47637
0.29501  0.06543  0.47707
0.29661  0.06582  0.47776
0.29818  0.06624  0.47843
0.29978  0.06666  0.47909
0.30135  0.06708  0.47974
0.30293  0.06751  0.48037
0.30451  0.06796  0.48097
0.30609  0.06843  0.48159
0.30763  0.06891  0.48219
0.30922  0.06937  0.48277
0.31078  0.06981  0.48334
0.31232  0.07026  0.48389
0.31391  0.07078  0.48444
0.31547  0.07133  0.48498
0.31703  0.07180  0.48551
0.31859  0.07228  0.48603
0.32016  0.07282  0.48653
0.32170  0.07339  0.48703
0.32326  0.07390  0.48753
0.32480  0.07442  0.48801
0.32634  0.07497  0.48848
0.32790  0.07554  0.48894
0.32946  0.07609  0.48939
0.33098  0.07665  0.48983
0.33255  0.07722  0.49026
0.33409  0.07779  0.49069
0.33563  0.07836  0.49111
0.33717  0.07893  0.49152
0.33871  0.07951  0.49192
0.34025  0.08009  0.49232
0.34179  0.08068  0.49271
0.34333  0.08130  0.49309
0.34486  0.08192  0.49346
0.34638  0.08250  0.49383
0.34793  0.08306  0.49419
0.34946  0.08370  0.49454
0.35099  0.08434  0.49489
0.35252  0.08491  0.49523
0.35404  0.08547  0.49556
0.35558  0.08606  0.49588
0.35711  0.08672  0.49620
0.35862  0.08734  0.49652
0.36015  0.08793  0.49683
0.36168  0.08853  0.49714
0.36319  0.08915  0.49743
0.36471  0.08978  0.49772
0.36625  0.09041  0.49800
0.36776  0.09106  0.49828
0.36929  0.09172  0.49856
0.37081  0.09232  0.49882
0.37234  0.09290  0.49909
0.37386  0.09354  0.49935
0.37537  0.09418  0.49960
0.37690  0.09481  0.49985
0.37841  0.09541  0.50010
0.37993  0.09599  0.50034
0.38145  0.09659  0.50057
0.38297  0.09726  0.50080
0.38448  0.09794  0.50103
0.38599  0.09856  0.50125
0.38751  0.09918  0.50146
0.38903  0.09982  0.50167
0.39054  0.10045  0.50188
0.39206  0.10107  0.50209
0.39358  0.10169  0.50229
0.39510  0.10232  0.50249
0.39661  0.10296  0.50268
0.39814  0.10360  0.50287
0.39964  0.10420  0.50305
0.40117  0.10481  0.50323
0.40268  0.10548  0.50340
0.40419  0.10615  0.50357
0.40572  0.10679  0.50374
0.40722  0.10739  0.50390
0.40874  0.10797  0.50406
0.41026  0.10859  0.50422
0.41177  0.10924  0.50437
0.41329  0.10987  0.50452
0.41480  0.11047  0.50467
0.41632  0.11107  0.50481
0.41783  0.11169  0.50495
0.41935  0.11231  0.50509
0.42086  0.11295  0.50523
0.42237  0.11357  0.50535
0.42389  0.11415  0.50548
0.42542  0.11477  0.50560
0.42693  0.11542  0.50571
0.42845  0.11607  0.50583
0.42997  0.11666  0.50594
0.43149  0.11724  0.50605
0.43301  0.11788  0.50616
0.43452  0.11851  0.50627
0.43605  0.11911  0.50637
0.43757  0.11970  0.50647
0.43908  0.12031  0.50656
0.44060  0.12091  0.50665
0.44213  0.12151  0.50674
0.44364  0.12212  0.50682
0.44516  0.12272  0.50690
0.44668  0.12332  0.50698
0.44820  0.12392  0.50706
0.44973  0.12452  0.50713
0.45125  0.12512  0.50720
0.45278  0.12574  0.50727
0.45431  0.12633  0.50733
0.45583  0.12690  0.50739
0.45735  0.12751  0.50745
0.45889  0.12811  0.50750
0.46040  0.12867  0.50755
0.46194  0.12925  0.50760
0.46346  0.12987  0.50765
0.46498  0.13046  0.50769
0.46651  0.13104  0.50773
0.46803  0.13162  0.50777
0.46957  0.13221  0.50781
0.47109  0.13279  0.50784
0.47262  0.13337  0.50787
0.47415  0.13395  0.50790
0.47569  0.13454  0.50792
0.47722  0.13512  0.50794
0.47875  0.13566  0.50796
0.48029  0.13624  0.50798
0.48182  0.13685  0.50799
0.48335  0.13745  0.50800
0.48488  0.13804  0.50801
0.48642  0.13860  0.50801
0.48796  0.13914  0.50801
0.48949  0.13970  0.50801
0.49104  0.14028  0.50801
0.49257  0.14086  0.50800
0.49411  0.14141  0.50799
0.49565  0.14196  0.50798
0.49720  0.14253  0.50796
0.49874  0.14309  0.50794
0.50027  0.14366  0.50792
0.50183  0.14422  0.50790
0.50336  0.14479  0.50787
0.50491  0.14536  0.50785
0.50645  0.14590  0.50781
0.50800  0.14643  0.50778
0.50954  0.14699  0.50774
0.51108  0.14757  0.50770
0.51263  0.14811  0.50766
0.51418  0.14865  0.50761
0.51571  0.14922  0.50756
0.51727  0.14977  0.50750
0.51882  0.15031  0.50745
0.52036  0.15084  0.50739
0.52191  0.15139  0.50733
0.52348  0.15194  0.50727
0.52503  0.15249  0.50720
0.52659  0.15303  0.50713
0.52814  0.15357  0.50706
0.52970  0.15411  0.50699
0.53125  0.15465  0.50691
0.53281  0.15519  0.50683
0.53436  0.15574  0.50675
0.53592  0.15629  0.50666
0.53748  0.15680  0.50657
0.53904  0.15731  0.50647
0.54060  0.15786  0.50638
0.54216  0.15841  0.50628
0.54373  0.15893  0.50618
0.54529  0.15944  0.50608
0.54685  0.15995  0.50597
0.54842  0.16049  0.50586
0.54998  0.16105  0.50574
0.55154  0.16159  0.50563
0.55310  0.16211  0.50551
0.55467  0.16263  0.50538
0.55623  0.16316  0.50526
0.55781  0.16370  0.50513
0.55937  0.16423  0.50500
0.56094  0.16475  0.50486
0.56252  0.16525  0.50472
0.56409  0.16578  0.50458
0.56565  0.16631  0.50444
0.56723  0.16683  0.50429
0.56880  0.16733  0.50414
0.57037  0.16783  0.50398
0.57195  0.16834  0.50383
0.57352  0.16888  0.50367
0.57510  0.16940  0.50351
0.57668  0.16991  0.50334
0.57825  0.17043  0.50317
0.57984  0.17095  0.50300
0.58141  0.17147  0.50283
0.58299  0.17198  0.50265
0.58458  0.17249  0.50247
0.58616  0.17300  0.50228
0.58773  0.17351  0.50209
0.58931  0.17403  0.50190
0.59090  0.17456  0.50170
0.59249  0.17507  0.50150
0.59406  0.17556  0.50130
0.59565  0.17605  0.50109
0.59724  0.17656  0.50088
0.59882  0.17707  0.50067
0.60040  0.17759  0.50045
0.60199  0.17810  0.50023
0.60358  0.17861  0.50001
0.60516  0.17911  0.49979
0.60675  0.17962  0.49956
0.60834  0.18013  0.49933
0.60993  0.18064  0.49910
0.61153  0.18114  0.49886
0.61312  0.18165  0.49862
0.61470  0.18216  0.49837
0.61630  0.18266  0.49812
0.61788  0.18317  0.49786
0.61948  0.18367  0.49761
0.62107  0.18418  0.49735
0.62266  0.18468  0.49708
0.62426  0.18520  0.49682
0.62586  0.18570  0.49655
0.62745  0.18619  0.49628
0.62905  0.18667  0.49600
0.63065  0.18719  0.49572
0.63224  0.18771  0.49543
0.63384  0.18821  0.49514
0.63543  0.18872  0.49485
0.63704  0.18922  0.49456
0.63864  0.18974  0.49426
0.64024  0.19024  0.49396
0.64183  0.19075  0.49365
0.64343  0.19125  0.49334
0.64503  0.19176  0.49303
0.64663  0.19226  0.49271
0.64823  0.19277  0.49239
0.64984  0.19327  0.49206
0.65144  0.19379  0.49174
0.65303  0.19431  0.49141
0.65463  0.19481  0.49107
0.65624  0.19530  0.49073
0.65784  0.19582  0.49039
0.65944  0.19635  0.49004
0.66105  0.19686  0.48969
0.66266  0.19737  0.48934
0.66426  0.19787  0.48899
0.66587  0.19838  0.48863
0.66747  0.19889  0.48827
0.66907  0.19940  0.48790
0.67068  0.19991  0.48752
0.67228  0.20043  0.48714
0.67388  0.20094  0.48676
0.67548  0.20146  0.48638
0.67709  0.20197  0.48599
0.67869  0.20249  0.48560
0.68029  0.20301  0.48520
0.68190  0.20353  0.48480
0.68351  0.20406  0.48440
0.68511  0.20457  0.48399
0.68672  0.20507  0.48358
0.68833  0.20559  0.48317
0.68993  0.20613  0.48275
0.69153  0.20666  0.48233
0.69314  0.20719  0.48191
0.69474  0.20771  0.48148
0.69635  0.20825  0.48105
0.69795  0.20878  0.48061
0.69955  0.20931  0.48017
0.70115  0.20985  0.47973
0.70276  0.21038  0.47927
0.70436  0.21092  0.47881
0.70596  0.21147  0.47836
0.70756  0.21202  0.47790
0.70917  0.21254  0.47743
0.71077  0.21307  0.47696
0.71237  0.21362  0.47649
0.71397  0.21418  0.47601
0.71558  0.21471  0.47553
0.71718  0.21525  0.47505
0.71877  0.21582  0.47457
0.72038  0.21637  0.47407
0.72197  0.21691  0.47358
0.72357  0.21746  0.47308
0.72518  0.21801  0.47258
0.72678  0.21858  0.47207
0.72837  0.21914  0.47156
0.72997  0.21971  0.47103
0.73157  0.22028  0.47051
0.73317  0.22086  0.46999
0.73476  0.22141  0.46947
0.73635  0.22197  0.46893
0.73794  0.22256  0.46839
0.73954  0.22314  0.46786
0.74112  0.22371  0.46732
0.74271  0.22427  0.46677
0.74430  0.22485  0.46622
0.74589  0.22545  0.46565
0.74749  0.22605  0.46510
0.74907  0.22663  0.46455
0.75066  0.22722  0.46399
0.75224  0.22782  0.46341
0.75382  0.22843  0.46284
0.75541  0.22902  0.46227
0.75699  0.22960  0.46169
0.75857  0.23021  0.46110
0.76015  0.23084  0.46051
0.76173  0.23147  0.45992
0.76331  0.23209  0.45933
0.76489  0.23270  0.45873
0.76646  0.23332  0.45812
0.76803  0.23396  0.45752
0.76960  0.23461  0.45690
0.77118  0.23523  0.45629
0.77274  0.23586  0.45567
0.77431  0.23650  0.45505
0.77588  0.23716  0.45442
0.77744  0.23780  0.45378
0.77900  0.23844  0.45315
0.78056  0.23910  0.45252
0.78212  0.23976  0.45188
0.78367  0.24040  0.45124
0.78522  0.24107  0.45059
0.78678  0.24176  0.44994
0.78833  0.24242  0.44930
0.78988  0.24311  0.44864
0.79143  0.24379  0.44797
0.79298  0.24448  0.44731
0.79452  0.24517  0.44664
0.79606  0.24587  0.44596
0.79760  0.24657  0.44529
0.79914  0.24729  0.44462
0.80067  0.24801  0.44393
0.80219  0.24873  0.44325
0.80373  0.24943  0.44256
0.80525  0.25015  0.44187
0.80678  0.25089  0.44117
0.80830  0.25163  0.44048
0.80983  0.25235  0.43978
0.81134  0.25310  0.43907
0.81285  0.25385  0.43837
0.81436  0.25462  0.43767
0.81587  0.25538  0.43696
0.81737  0.25613  0.43624
0.81887  0.25691  0.43553
0.82037  0.25767  0.43481
0.82188  0.25845  0.43408
0.82337  0.25925  0.43336
0.82486  0.26004  0.43264
0.82634  0.26084  0.43191
0.82782  0.26165  0.43117
0.82931  0.26246  0.43043
0.83078  0.26329  0.42969
0.83225  0.26411  0.42895
0.83372  0.26492  0.42821
0.83519  0.26577  0.42747
0.83665  0.26660  0.42672
0.83811  0.26743  0.42597
0.83957  0.26829  0.42523
0.84101  0.26917  0.42447
0.84246  0.27005  0.42371
0.84390  0.27093  0.42296
0.84534  0.27179  0.42220
0.84677  0.27270  0.42144
0.84820  0.27360  0.42068
0.84963  0.27449  0.41993
0.85104  0.27541  0.41916
0.85246  0.27632  0.41839
0.85387  0.27724  0.41763
0.85528  0.27818  0.41687
0.85668  0.27913  0.41610
0.85807  0.28007  0.41533
0.85947  0.28101  0.41455
0.86085  0.28200  0.41378
0.86224  0.28297  0.41301
0.86361  0.28394  0.41223
0.86497  0.28492  0.41145
0.86634  0.28591  0.41069
0.86770  0.28692  0.40992
0.86906  0.28793  0.40914
0.87040  0.28896  0.40837
0.87176  0.28997  0.40759
0.87310  0.29101  0.40682
0.87443  0.29205  0.40606
0.87576  0.29310  0.40528
0.87707  0.29416  0.40451
0.87839  0.29524  0.40375
0.87969  0.29632  0.40298
0.88099  0.29741  0.40221
0.88229  0.29850  0.40145
0.88358  0.29961  0.40070
0.88486  0.30071  0.39992
0.88614  0.30183  0.39916
0.88740  0.30296  0.39841
0.88867  0.30410  0.39765
0.88992  0.30526  0.39688
0.89117  0.30642  0.39614
0.89241  0.30756  0.39539
0.89364  0.30875  0.39464
0.89487  0.30994  0.39389
0.89609  0.31113  0.39315
0.89730  0.31233  0.39241
0.89850  0.31357  0.39168
0.89970  0.31478  0.39094
0.90089  0.31603  0.39021
0.90208  0.31725  0.38949
0.90325  0.31850  0.38878
0.90442  0.31976  0.38806
0.90558  0.32103  0.38734
0.90673  0.32232  0.38663
0.90787  0.32360  0.38593
0.90900  0.32490  0.38524
0.91013  0.32620  0.38454
0.91124  0.32751  0.38386
0.91235  0.32885  0.38318
0.91345  0.33017  0.38250
0.91455  0.33150  0.38183
0.91563  0.33288  0.38118
0.91671  0.33424  0.38052
0.91778  0.33561  0.37987
0.91883  0.33699  0.37922
0.91988  0.33838  0.37859
0.92092  0.33979  0.37796
0.92195  0.34120  0.37734
0.92298  0.34262  0.37673
0.92399  0.34403  0.37612
0.92500  0.34547  0.37551
0.92600  0.34693  0.37493
0.92698  0.34838  0.37435
0.92796  0.34984  0.37378
0.92892  0.35131  0.37321
0.92989  0.35280  0.37265
0.93084  0.35429  0.37211
0.93178  0.35580  0.37157
0.93272  0.35731  0.37104
0.93364  0.35881  0.37052
0.93455  0.36034  0.37002
0.93546  0.36189  0.36952
0.93636  0.36342  0.36904
0.93724  0.36497  0.36856
0.93812  0.36654  0.36809
0.93898  0.36810  0.36762
0.93985  0.36967  0.36718
0.94070  0.37124  0.36676
0.94154  0.37283  0.36634
0.94238  0.37443  0.36593
0.94320  0.37604  0.36553
0.94401  0.37764  0.36514
0.94482  0.37926  0.36476
0.94561  0.38089  0.36440
0.94639  0.38252  0.36405
0.94717  0.38416  0.36370
0.94794  0.38580  0.36338
0.94870  0.38745  0.36306
0.94945  0.38912  0.36276
0.95019  0.39078  0.36248
0.95093  0.39244  0.36220
0.95165  0.39412  0.36194
0.95236  0.39582  0.36169
0.95308  0.39750  0.36145
0.95377  0.39919  0.36122
0.95446  0.40091  0.36101
0.95514  0.40261  0.36081
0.95582  0.40432  0.36063
0.95648  0.40605  0.36046
0.95713  0.40776  0.36030
0.95778  0.40949  0.36015
0.95842  0.41122  0.36002
0.95905  0.41297  0.35990
0.95968  0.41470  0.35980
0.96030  0.41645  0.35971
0.96091  0.41820  0.35963
0.96151  0.41996  0.35957
0.96210  0.42171  0.35953
0.96268  0.42347  0.35949
0.96326  0.42525  0.35947
0.96383  0.42702  0.35946
0.96439  0.42879  0.35947
0.96495  0.43057  0.35949
0.96550  0.43235  0.35953
0.96604  0.43412  0.35957
0.96657  0.43592  0.35964
0.96710  0.43772  0.35971
0.96762  0.43951  0.35980
0.96813  0.44131  0.35990
0.96863  0.44312  0.36002
0.96913  0.44492  0.36015
0.96962  0.44673  0.36029
0.97011  0.44854  0.36045
0.97058  0.45035  0.36062
0.97105  0.45217  0.36080
0.97152  0.45397  0.36100
0.97198  0.45579  0.36121
0.97243  0.45761  0.36144
0.97288  0.45944  0.36168
0.97332  0.46126  0.36192
0.97375  0.46308  0.36219
0.97418  0.46492  0.36246
0.97460  0.46675  0.36276
0.97502  0.46858  0.36306
0.97543  0.47041  0.36338
0.97583  0.47225  0.36371
0.97623  0.47409  0.36406
0.97663  0.47593  0.36441
0.97702  0.47776  0.36478
0.97740  0.47961  0.36515
0.97778  0.48145  0.36554
0.97815  0.48329  0.36595
0.97851  0.48512  0.36637
0.97887  0.48697  0.36680
0.97922  0.48881  0.36724
0.97957  0.49066  0.36769
0.97992  0.49249  0.36817
0.98026  0.49435  0.36865
0.98060  0.49619  0.36913
0.98093  0.49806  0.36963
0.98126  0.49990  0.37014
0.98158  0.50176  0.37067
0.98190  0.50361  0.37120
0.98221  0.50546  0.37175
0.98252  0.50732  0.37231
0.98282  0.50917  0.37288
0.98312  0.51101  0.37347
0.98341  0.51286  0.37407
0.98371  0.51472  0.37467
0.98399  0.51657  0.37527
0.98428  0.51843  0.37590
0.98456  0.52027  0.37655
0.98483  0.52212  0.37719
0.98510  0.52398  0.37785
0.98536  0.52584  0.37852
0.98563  0.52769  0.37920
0.98588  0.52955  0.37989
0.98614  0.53140  0.38060
0.98639  0.53325  0.38131
0.98664  0.53510  0.38202
0.98688  0.53697  0.38276
0.98712  0.53882  0.38351
0.98736  0.54066  0.38425
0.98759  0.54252  0.38500
0.98781  0.54437  0.38577
0.98804  0.54623  0.38654
0.98825  0.54808  0.38733
0.98847  0.54993  0.38813
0.98868  0.55178  0.38894
0.98889  0.55362  0.38975
0.98910  0.55547  0.39058
0.98930  0.55733  0.39143
0.98950  0.55918  0.39226
0.98970  0.56103  0.39311
0.98989  0.56289  0.39398
0.99008  0.56474  0.39485
0.99027  0.56659  0.39574
0.99045  0.56843  0.39661
0.99063  0.57027  0.39752
0.99081  0.57212  0.39842
0.99099  0.57396  0.39933
0.99116  0.57582  0.40027
0.99134  0.57765  0.40120
0.99151  0.57950  0.40213
0.99167  0.58134  0.40308
0.99183  0.58318  0.40404
0.99199  0.58504  0.40499
0.99215  0.58687  0.40597
0.99230  0.58871  0.40694
0.99245  0.59056  0.40792
0.99259  0.59241  0.40891
0.99273  0.59424  0.40992
0.99287  0.59608  0.41093
0.99301  0.59792  0.41195
0.99315  0.59977  0.41298
0.99328  0.60161  0.41401
0.99341  0.60345  0.41505
0.99354  0.60528  0.41610
0.99366  0.60712  0.41716
0.99378  0.60896  0.41821
0.99391  0.61079  0.41929
0.99403  0.61261  0.42036
0.99415  0.61445  0.42144
0.99427  0.61629  0.42252
0.99438  0.61812  0.42362
0.99449  0.61996  0.42473
0.99460  0.62178  0.42583
0.99470  0.62362  0.42695
0.99480  0.62545  0.42807
0.99490  0.62728  0.42919
0.99499  0.62911  0.43033
0.99508  0.63095  0.43147
0.99517  0.63278  0.43262
0.99527  0.63461  0.43377
0.99536  0.63644  0.43495
0.99544  0.63826  0.43611
0.99553  0.64008  0.43729
0.99561  0.64190  0.43846
0.99570  0.64372  0.43965
0.99578  0.64554  0.44083
0.99585  0.64737  0.44205
0.99593  0.64920  0.44324
0.99600  0.65102  0.44446
0.99607  0.65284  0.44566
0.99614  0.65467  0.44689
0.99620  0.65650  0.44811
0.99625  0.65832  0.44935
0.99631  0.66014  0.45059
0.99637  0.66196  0.45184
0.99643  0.66378  0.45308
0.99649  0.66559  0.45434
0.99655  0.66740  0.45560
0.99661  0.66922  0.45686
0.99666  0.67103  0.45813
0.99671  0.67285  0.45941
0.99676  0.67466  0.46068
0.99680  0.67648  0.46198
0.99684  0.67830  0.46327
0.99687  0.68011  0.46458
0.99690  0.68193  0.46588
0.99694  0.68374  0.46720
0.99698  0.68556  0.46850
0.99702  0.68737  0.46982
0.99706  0.68918  0.47114
0.99710  0.69098  0.47246
0.99713  0.69280  0.47379
0.99715  0.69460  0.47514
0.99718  0.69642  0.47648
0.99720  0.69822  0.47783
0.99722  0.70003  0.47919
0.99723  0.70184  0.48055
0.99724  0.70365  0.48192
0.99726  0.70546  0.48328
0.99728  0.70727  0.48464
0.99730  0.70907  0.48602
0.99731  0.71087  0.48740
0.99733  0.71267  0.48878
0.99734  0.71448  0.49018
0.99734  0.71629  0.49159
0.99735  0.71809  0.49298
0.99735  0.71990  0.49439
0.99735  0.72169  0.49580
0.99735  0.72350  0.49722
0.99735  0.72531  0.49864
0.99735  0.72710  0.50005
0.99735  0.72890  0.50149
0.99735  0.73070  0.50291
0.99734  0.73251  0.50435
0.99734  0.73430  0.50578
0.99732  0.73610  0.50723
0.99731  0.73791  0.50868
0.99729  0.73972  0.51013
0.99727  0.74151  0.51158
0.99726  0.74331  0.51304
0.99725  0.74510  0.51451
0.99724  0.74690  0.51597
0.99722  0.74869  0.51745
0.99720  0.75049  0.51893
0.99718  0.75229  0.52041
0.99716  0.75409  0.52189
0.99713  0.75589  0.52339
0.99710  0.75769  0.52488
0.99707  0.75948  0.52638
0.99704  0.76128  0.52787
0.99701  0.76308  0.52939
0.99698  0.76487  0.53089
0.99695  0.76666  0.53241
0.99692  0.76845  0.53392
0.99689  0.77025  0.53544
0.99685  0.77204  0.53698
0.99680  0.77384  0.53852
0.99676  0.77563  0.54004
0.99672  0.77743  0.54158
0.99668  0.77922  0.54313
0.99664  0.78101  0.54467
0.99660  0.78279  0.54622
0.99655  0.78459  0.54776
0.99651  0.78638  0.54932
0.99646  0.78817  0.55089
0.99640  0.78997  0.55246
0.99635  0.79176  0.55402
0.99630  0.79356  0.55558
0.99625  0.79534  0.55717
0.99620  0.79713  0.55873
0.99614  0.79892  0.56032
0.99609  0.80071  0.56191
0.99603  0.80250  0.56350
0.99597  0.80429  0.56508
0.99591  0.80608  0.56669
0.99585  0.80787  0.56829
0.99579  0.80966  0.56989
0.99572  0.81145  0.57150
0.99566  0.81324  0.57311
0.99560  0.81503  0.57472
0.99553  0.81682  0.57635
0.99547  0.81860  0.57796
0.99540  0.82039  0.57960
0.99533  0.82218  0.58122
0.99526  0.82396  0.58286
0.99518  0.82574  0.58450
0.99511  0.82753  0.58614
0.99504  0.82932  0.58778
0.99497  0.83110  0.58942
0.99490  0.83288  0.59108
0.99483  0.83467  0.59274
0.99475  0.83646  0.59439
0.99466  0.83825  0.59605
0.99458  0.84005  0.59772
0.99450  0.84183  0.59939
0.99443  0.84361  0.60106
0.99435  0.84539  0.60274
0.99428  0.84717  0.60442
0.99420  0.84896  0.60610
0.99412  0.85074  0.60779
0.99403  0.85254  0.60948
0.99394  0.85432  0.61117
0.99385  0.85611  0.61286
0.99377  0.85789  0.61455
0.99369  0.85967  0.61625
0.99361  0.86145  0.61795
0.99352  0.86324  0.61966
0.99343  0.86502  0.62137
0.99334  0.86681  0.62309
0.99324  0.86860  0.62481
0.99315  0.87038  0.62653
0.99307  0.87217  0.62826
0.99299  0.87394  0.62998
0.99290  0.87573  0.63171
0.99281  0.87751  0.63344
0.99272  0.87929  0.63517
0.99262  0.88108  0.63692
0.99252  0.88286  0.63866
0.99242  0.88464  0.64041
0.99234  0.88643  0.64215
0.99225  0.88820  0.64390
0.99217  0.88998  0.64565
0.99207  0.89176  0.64741
0.99198  0.89355  0.64917
0.99187  0.89534  0.65094
0.99177  0.89712  0.65270
0.99168  0.89890  0.65447
0.99158  0.90068  0.65625
0.99150  0.90246  0.65801
0.99141  0.90423  0.65979
0.99132  0.90601  0.66156
0.99122  0.90780  0.66335
0.99112  0.90958  0.66513
0.99101  0.91137  0.66692
0.99092  0.91315  0.66871
0.99083  0.91493  0.67051
0.99074  0.91671  0.67230
0.99065  0.91848  0.67409
0.99056  0.92026  0.67589
0.99046  0.92204  0.67770
0.99036  0.92383  0.67950
0.99027  0.92561  0.68131
0.99017  0.92739  0.68312
0.99008  0.92917  0.68493
0.98999  0.93095  0.68674
0.98990  0.93272  0.68856
0.98981  0.93450  0.69037
0.98971  0.93628  0.69220
0.98962  0.93806  0.69401
0.98952  0.93984  0.69585
0.98942  0.94162  0.69767
0.98933  0.94340  0.69950
0.98925  0.94517  0.70133
0.98916  0.94695  0.70316
0.98907  0.94873  0.70499
0.98898  0.95051  0.70683
0.98889  0.95228  0.70867
0.98880  0.95406  0.71051
0.98871  0.95584  0.71235
0.98863  0.95762  0.71419
0.98854  0.95940  0.71604
0.98845  0.96118  0.71789
0.98837  0.96296  0.71974
0.98828  0.96474  0.72158
0.98820  0.96652  0.72343
0.98811  0.96830  0.72530
0.98803  0.97007  0.72715
0.98794  0.97185  0.72900
0.98785  0.97363  0.73086
0.98777  0.97541  0.73273
0.98769  0.97719  0.73458
0.98761  0.97897  0.73644
0.98754  0.98075  0.73830
0.98747  0.98253  0.74016
0.98739  0.98431  0.74202
0.98731  0.98609  0.74389
0.98722  0.98787  0.74576
0.98714  0.98966  0.74763
0.98705  0.99144  0.74950
