1024
0.24220  0.15040  0.66030
0.24277  0.15110  0.66347
0.24332  0.15183  0.66660
0.24386  0.15259  0.66971
0.24439  0.15339  0.67276
0.24491  0.15422  0.67578
0.24541  0.15509  0.67876
0.24589  0.15600  0.68171
0.24639  0.15688  0.68463
0.24689  0.15779  0.68752
0.24739  0.15875  0.69037
0.24789  0.15967  0.69320
0.24838  0.16066  0.69600
0.24886  0.16170  0.69877
0.24933  0.16271  0.70152
0.24980  0.16376  0.70425
0.25028  0.16475  0.70697
0.25077  0.16575  0.70968
0.25125  0.16679  0.71237
0.25172  0.16778  0.71506
0.25217  0.16884  0.71774
0.25263  0.16990  0.72041
0.25307  0.17097  0.72308
0.25352  0.17206  0.72575
0.25397  0.17313  0.72841
0.25443  0.17417  0.73107
0.25488  0.17519  0.73374
0.25533  0.17616  0.73640
0.25576  0.17721  0.73908
0.25621  0.17826  0.74175
0.25667  0.17927  0.74445
0.25712  0.18029  0.74715
0.25756  0.18131  0.74984
0.25800  0.18231  0.75255
0.25845  0.18330  0.75528
0.25891  0.18429  0.75799
0.25935  0.18529  0.76071
0.25978  0.18626  0.76343
0.26020  0.18724  0.76615
0.26063  0.18823  0.76886
0.26105  0.18919  0.77158
0.26147  0.19015  0.77429
0.26190  0.19112  0.77702
0.26232  0.19209  0.77973
0.26274  0.19307  0.78245
0.26318  0.19408  0.78517
0.26361  0.19506  0.78790
0.26404  0.19607  0.79062
0.26444  0.19706  0.79332
0.26484  0.19803  0.79598
0.26524  0.19899  0.79863
0.26565  0.19996  0.80127
0.26604  0.20095  0.80390
0.26642  0.20196  0.80653
0.26680  0.20298  0.80917
0.26717  0.20402  0.81179
0.26754  0.20503  0.81438
0.26792  0.20609  0.81694
0.26830  0.20712  0.81947
0.26868  0.20815  0.82199
0.26904  0.20921  0.82447
0.26938  0.21029  0.82693
0.26970  0.21138  0.82936
0.27001  0.21248  0.83177
0.27034  0.21358  0.83416
0.27067  0.21471  0.83651
0.27100  0.21587  0.83885
0.27132  0.21702  0.84116
0.27164  0.21817  0.84345
0.27195  0.21933  0.84571
0.27225  0.22050  0.84795
0.27254  0.22165  0.85017
0.27284  0.22285  0.85235
0.27313  0.22402  0.85448
0.27342  0.22524  0.85660
0.27369  0.22649  0.85869
0.27394  0.22772  0.86075
0.27419  0.22896  0.86278
0.27441  0.23018  0.86480
0.27462  0.23146  0.86679
0.27484  0.23271  0.86875
0.27508  0.23399  0.87065
0.27531  0.23530  0.87254
0.27553  0.23659  0.87440
0.27575  0.23789  0.87625
0.27596  0.23919  0.87809
0.27615  0.24049  0.87993
0.27635  0.24184  0.88176
0.27655  0.24316  0.88355
0.27675  0.24449  0.88528
0.27695  0.24583  0.88700
0.27715  0.24718  0.88869
0.27735  0.24854  0.89035
0.27754  0.24986  0.89200
0.27771  0.25122  0.89364
0.27787  0.25256  0.89526
0.27805  0.25391  0.89686
0.27823  0.25528  0.89842
0.27841  0.25664  0.89998
0.27858  0.25800  0.90153
0.27875  0.25940  0.90306
0.27892  0.26076  0.90456
0.27908  0.26214  0.90604
0.27923  0.26353  0.90751
0.27936  0.26488  0.90896
0.27948  0.26626  0.91040
0.27958  0.26760  0.91180
0.27968  0.26899  0.91319
0.27977  0.27036  0.91456
0.27986  0.27172  0.91594
0.27996  0.27314  0.91730
0.28007  0.27453  0.91864
0.28017  0.27595  0.91997
0.28027  0.27732  0.92127
0.28037  0.27869  0.92255
0.28047  0.28005  0.92382
0.28057  0.28142  0.92507
0.28066  0.28282  0.92633
0.28074  0.28421  0.92759
0.28081  0.28561  0.92884
0.28088  0.28701  0.93007
0.28094  0.28840  0.93128
0.28099  0.28977  0.93246
0.28104  0.29115  0.93362
0.28108  0.29250  0.93478
0.28113  0.29387  0.93593
0.28119  0.29524  0.93706
0.28124  0.29662  0.93817
0.28129  0.29798  0.93928
0.28132  0.29937  0.94039
0.28135  0.30072  0.94149
0.28138  0.30209  0.94260
0.28140  0.30347  0.94368
0.28141  0.30484  0.94475
0.28141  0.30622  0.94581
0.28141  0.30756  0.94685
0.28140  0.30895  0.94789
0.28139  0.31032  0.94892
0.28137  0.31168  0.94995
0.28135  0.31307  0.95098
0.28132  0.31444  0.95199
0.28128  0.31581  0.95299
0.28123  0.31714  0.95397
0.28118  0.31847  0.95494
0.28112  0.31982  0.95590
0.28107  0.32118  0.95684
0.28102  0.32256  0.95778
0.28097  0.32393  0.95869
0.28092  0.32531  0.95960
0.28087  0.32667  0.96051
0.28083  0.32802  0.96142
0.28079  0.32938  0.96232
0.28073  0.33070  0.96321
0.28066  0.33206  0.96408
0.28056  0.33341  0.96494
0.28046  0.33475  0.96578
0.28035  0.33608  0.96662
0.28024  0.33743  0.96744
0.28012  0.33878  0.96825
0.28000  0.34012  0.96904
0.27987  0.34147  0.96983
0.27972  0.34282  0.97061
0.27955  0.34414  0.97139
0.27937  0.34549  0.97217
0.27919  0.34685  0.97293
0.27901  0.34819  0.97369
0.27884  0.34954  0.97445
0.27867  0.35089  0.97520
0.27849  0.35223  0.97594
0.27831  0.35357  0.97667
0.27812  0.35493  0.97738
0.27792  0.35627  0.97807
0.27771  0.35763  0.97876
0.27749  0.35897  0.97943
0.27725  0.36034  0.98010
0.27700  0.36172  0.98075
0.27674  0.36309  0.98138
0.27647  0.36446  0.98199
0.27618  0.36584  0.98258
0.27588  0.36720  0.98314
0.27557  0.36858  0.98370
0.27525  0.36994  0.98427
0.27493  0.37130  0.98483
0.27461  0.37267  0.98538
0.27428  0.37406  0.98592
0.27394  0.37543  0.98643
0.27359  0.37683  0.98693
0.27321  0.37822  0.98740
0.27282  0.37962  0.98785
0.27242  0.38103  0.98830
0.27203  0.38242  0.98874
0.27164  0.38382  0.98917
0.27124  0.38521  0.98958
0.27081  0.38661  0.98997
0.27035  0.38800  0.99033
0.26987  0.38939  0.99068
0.26938  0.39079  0.99101
0.26889  0.39219  0.99134
0.26837  0.39361  0.99165
0.26784  0.39504  0.99194
0.26731  0.39646  0.99223
0.26678  0.39789  0.99252
0.26624  0.39930  0.99280
0.26566  0.40073  0.99307
0.26506  0.40213  0.99334
0.26446  0.40358  0.99361
0.26385  0.40502  0.99389
0.26320  0.40647  0.99417
0.26252  0.40792  0.99444
0.26183  0.40936  0.99469
0.26111  0.41078  0.99492
0.26036  0.41220  0.99514
0.25959  0.41361  0.99536
0.25879  0.41504  0.99559
0.25793  0.41649  0.99584
0.25708  0.41793  0.99609
0.25617  0.41939  0.99635
0.25527  0.42082  0.99659
0.25433  0.42227  0.99681
0.25335  0.42372  0.99704
0.25235  0.42518  0.99726
0.25134  0.42661  0.99748
0.25025  0.42806  0.99771
0.24917  0.42949  0.99793
0.24807  0.43094  0.99816
0.24690  0.43240  0.99837
0.24571  0.43385  0.99859
0.24450  0.43534  0.99879
0.24325  0.43681  0.99898
0.24198  0.43828  0.99915
0.24062  0.43975  0.99931
0.23926  0.44121  0.99944
0.23786  0.44269  0.99955
0.23644  0.44417  0.99962
0.23503  0.44565  0.99965
0.23356  0.44714  0.99963
0.23213  0.44865  0.99957
0.23063  0.45017  0.99946
0.22913  0.45171  0.99927
0.22762  0.45326  0.99903
0.22611  0.45482  0.99873
0.22455  0.45635  0.99840
0.22305  0.45787  0.99801
0.22151  0.45939  0.99759
0.22000  0.46090  0.99713
0.21847  0.46243  0.99667
0.21696  0.46399  0.99619
0.21544  0.46552  0.99569
0.21393  0.46709  0.99518
0.21240  0.46862  0.99466
0.21083  0.47015  0.99411
0.20926  0.47167  0.99355
0.20772  0.47317  0.99300
0.20621  0.47469  0.99246
0.20469  0.47620  0.99195
0.20319  0.47769  0.99145
0.20170  0.47919  0.99097
0.20024  0.48066  0.99048
0.19880  0.48212  0.99001
0.19739  0.48356  0.98954
0.19601  0.48499  0.98907
0.19471  0.48644  0.98859
0.19344  0.48790  0.98810
0.19224  0.48934  0.98761
0.19111  0.49080  0.98711
0.19008  0.49221  0.98658
0.18913  0.49362  0.98603
0.18829  0.49502  0.98545
0.18750  0.49639  0.98487
0.18675  0.49780  0.98427
0.18614  0.49917  0.98366
0.18560  0.50055  0.98304
0.18509  0.50192  0.98241
0.18460  0.50327  0.98177
0.18416  0.50463  0.98113
0.18377  0.50596  0.98049
0.18339  0.50730  0.97983
0.18303  0.50865  0.97917
0.18269  0.50999  0.97851
0.18237  0.51134  0.97784
0.18205  0.51269  0.97716
0.18175  0.51404  0.97648
0.18144  0.51535  0.97579
0.18114  0.51668  0.97509
0.18084  0.51800  0.97439
0.18055  0.51932  0.97368
0.18027  0.52064  0.97298
0.17999  0.52196  0.97226
0.17972  0.52329  0.97153
0.17946  0.52460  0.97078
0.17920  0.52590  0.97001
0.17894  0.52719  0.96922
0.17869  0.52848  0.96841
0.17847  0.52978  0.96758
0.17827  0.53110  0.96671
0.17810  0.53243  0.96582
0.17793  0.53375  0.96491
0.17778  0.53507  0.96398
0.17764  0.53638  0.96303
0.17752  0.53768  0.96207
0.17740  0.53897  0.96108
0.17729  0.54025  0.96008
0.17716  0.54152  0.95906
0.17703  0.54280  0.95801
0.17691  0.54406  0.95695
0.17679  0.54534  0.95589
0.17670  0.54664  0.95480
0.17662  0.54794  0.95370
0.17652  0.54924  0.95259
0.17638  0.55052  0.95150
0.17620  0.55178  0.95042
0.17599  0.55301  0.94933
0.17575  0.55426  0.94827
0.17548  0.55550  0.94721
0.17518  0.55678  0.94617
0.17483  0.55805  0.94515
0.17443  0.55932  0.94413
0.17396  0.56059  0.94313
0.17343  0.56185  0.94214
0.17285  0.56309  0.94115
0.17222  0.56434  0.94019
0.17156  0.56557  0.93925
0.17087  0.56683  0.93832
0.17015  0.56807  0.93742
0.16940  0.56931  0.93654
0.16856  0.57056  0.93566
0.16769  0.57181  0.93480
0.16679  0.57306  0.93395
0.16581  0.57429  0.93311
0.16487  0.57554  0.93227
0.16394  0.57680  0.93143
0.16294  0.57804  0.93059
0.16196  0.57929  0.92974
0.16098  0.58053  0.92888
0.16000  0.58175  0.92802
0.15910  0.58298  0.92715
0.15820  0.58420  0.92627
0.15729  0.58541  0.92539
0.15646  0.58661  0.92450
0.15561  0.58781  0.92360
0.15478  0.58900  0.92270
0.15400  0.59020  0.92180
0.15326  0.59140  0.92090
0.15257  0.59261  0.92000
0.15192  0.59380  0.91910
0.15131  0.59499  0.91821
0.15074  0.59617  0.91733
0.15021  0.59734  0.91645
0.14972  0.59851  0.91558
0.14921  0.59967  0.91472
0.14873  0.60082  0.91387
0.14830  0.60197  0.91301
0.14790  0.60311  0.91217
0.14751  0.60426  0.91133
0.14713  0.60540  0.91049
0.14678  0.60655  0.90966
0.14645  0.60770  0.90883
0.14612  0.60885  0.90804
0.14577  0.60999  0.90726
0.14541  0.61115  0.90651
0.14503  0.61229  0.90577
0.14462  0.61343  0.90504
0.14422  0.61456  0.90432
0.14382  0.61568  0.90361
0.14340  0.61680  0.90291
0.14293  0.61792  0.90225
0.14244  0.61907  0.90162
0.14193  0.62021  0.90101
0.14141  0.62136  0.90043
0.14085  0.62250  0.89985
0.14023  0.62366  0.89927
0.13960  0.62481  0.89869
0.13899  0.62595  0.89811
0.13836  0.62709  0.89755
0.13769  0.62823  0.89700
0.13697  0.62934  0.89644
0.13621  0.63046  0.89589
0.13548  0.63158  0.89536
0.13472  0.63272  0.89483
0.13388  0.63387  0.89431
0.13303  0.63502  0.89379
0.13220  0.63617  0.89326
0.13138  0.63729  0.89273
0.13060  0.63842  0.89218
0.12978  0.63954  0.89163
0.12891  0.64066  0.89107
0.12808  0.64178  0.89051
0.12716  0.64291  0.88994
0.12631  0.64403  0.88937
0.12543  0.64514  0.88878
0.12455  0.64625  0.88818
0.12371  0.64735  0.88757
0.12287  0.64843  0.88694
0.12203  0.64953  0.88630
0.12117  0.65063  0.88563
0.12031  0.65173  0.88494
0.11946  0.65282  0.88424
0.11864  0.65392  0.88352
0.11778  0.65500  0.88279
0.11696  0.65608  0.88206
0.11620  0.65715  0.88132
0.11535  0.65821  0.88054
0.11450  0.65928  0.87973
0.11372  0.66036  0.87890
0.11291  0.66143  0.87804
0.11206  0.66250  0.87716
0.11123  0.66356  0.87629
0.11042  0.66460  0.87541
0.10960  0.66566  0.87450
0.10869  0.66669  0.87359
0.10780  0.66773  0.87265
0.10695  0.66876  0.87169
0.10601  0.66978  0.87071
0.10501  0.67079  0.86971
0.10408  0.67179  0.86870
0.10316  0.67280  0.86766
0.10216  0.67379  0.86661
0.10114  0.67478  0.86554
0.10008  0.67576  0.86447
0.09900  0.67674  0.86339
0.09792  0.67771  0.86229
0.09668  0.67867  0.86116
0.09553  0.67964  0.86003
0.09431  0.68062  0.85886
0.09298  0.68160  0.85768
0.09174  0.68256  0.85649
0.09033  0.68351  0.85530
0.08892  0.68443  0.85408
0.08751  0.68535  0.85286
0.08590  0.68626  0.85162
0.08441  0.68719  0.85038
0.08278  0.68811  0.84912
0.08117  0.68904  0.84784
0.07940  0.68996  0.84655
0.07755  0.69086  0.84525
0.07572  0.69177  0.84393
0.07389  0.69268  0.84261
0.07186  0.69356  0.84128
0.06979  0.69442  0.83995
0.06772  0.69527  0.83860
0.06561  0.69611  0.83726
0.06345  0.69695  0.83590
0.06109  0.69780  0.83453
0.05895  0.69865  0.83314
0.05674  0.69950  0.83174
0.05429  0.70034  0.83033
0.05175  0.70118  0.82893
0.04941  0.70200  0.82751
0.04692  0.70283  0.82609
0.04429  0.70364  0.82466
0.04155  0.70445  0.82321
0.03886  0.70525  0.82175
0.03634  0.70604  0.82026
0.03362  0.70684  0.81878
0.03107  0.70763  0.81732
0.02858  0.70845  0.81586
0.02624  0.70925  0.81439
0.02409  0.71004  0.81291
0.02206  0.71080  0.81142
0.01996  0.71156  0.80993
0.01792  0.71229  0.80844
0.01607  0.71304  0.80693
0.01447  0.71378  0.80541
0.01281  0.71453  0.80390
0.01106  0.71529  0.80238
0.00956  0.71603  0.80086
0.00832  0.71677  0.79932
0.00709  0.71750  0.79778
0.00592  0.71821  0.79623
0.00492  0.71893  0.79468
0.00410  0.71964  0.79312
0.00332  0.72034  0.79155
0.00262  0.72103  0.78998
0.00206  0.72173  0.78841
0.00167  0.72243  0.78684
0.00131  0.72313  0.78527
0.00103  0.72383  0.78370
0.00090  0.72452  0.78213
0.00094  0.72521  0.78056
0.00105  0.72589  0.77899
0.00126  0.72656  0.77743
0.00161  0.72723  0.77585
0.00211  0.72789  0.77427
0.00269  0.72853  0.77268
0.00338  0.72918  0.77109
0.00420  0.72983  0.76948
0.00518  0.73047  0.76787
0.00626  0.73112  0.76626
0.00746  0.73177  0.76463
0.00878  0.73242  0.76301
0.01020  0.73306  0.76139
0.01195  0.73368  0.75977
0.01355  0.73431  0.75815
0.01534  0.73493  0.75653
0.01731  0.73553  0.75490
0.01944  0.73613  0.75325
0.02171  0.73673  0.75161
0.02414  0.73733  0.74996
0.02670  0.73792  0.74832
0.02938  0.73853  0.74667
0.03221  0.73913  0.74502
0.03544  0.73973  0.74338
0.03864  0.74031  0.74172
0.04206  0.74088  0.74006
0.04538  0.74145  0.73838
0.04884  0.74202  0.73671
0.05211  0.74260  0.73504
0.05548  0.74318  0.73337
0.05884  0.74375  0.73170
0.06216  0.74432  0.73003
0.06547  0.74488  0.72835
0.06886  0.74544  0.72666
0.07210  0.74598  0.72496
0.07538  0.74653  0.72326
0.07861  0.74706  0.72156
0.08193  0.74759  0.71987
0.08507  0.74811  0.71817
0.08827  0.74863  0.71648
0.09145  0.74915  0.71478
0.09457  0.74967  0.71308
0.09765  0.75020  0.71140
0.10068  0.75072  0.70970
0.10374  0.75125  0.70799
0.10675  0.75177  0.70628
0.10971  0.75229  0.70456
0.11260  0.75282  0.70284
0.11542  0.75334  0.70112
0.11827  0.75387  0.69939
0.12098  0.75440  0.69767
0.12370  0.75492  0.69596
0.12639  0.75543  0.69423
0.12896  0.75592  0.69252
0.13153  0.75642  0.69079
0.13403  0.75691  0.68907
0.13644  0.75742  0.68735
0.13886  0.75795  0.68564
0.14123  0.75847  0.68392
0.14350  0.75900  0.68220
0.14574  0.75952  0.68046
0.14788  0.76005  0.67869
0.14999  0.76057  0.67692
0.15201  0.76109  0.67514
0.15403  0.76161  0.67338
0.15603  0.76214  0.67164
0.15792  0.76266  0.66991
0.15977  0.76319  0.66816
0.16165  0.76371  0.66639
0.16341  0.76423  0.66460
0.16509  0.76475  0.66281
0.16681  0.76528  0.66100
0.16844  0.76581  0.65920
0.17006  0.76636  0.65742
0.17161  0.76691  0.65562
0.17315  0.76746  0.65383
0.17468  0.76800  0.65203
0.17612  0.76852  0.65022
0.17762  0.76904  0.64840
0.17902  0.76956  0.64657
0.18040  0.77010  0.64473
0.18176  0.77064  0.64287
0.18309  0.77120  0.64099
0.18442  0.77175  0.63912
0.18577  0.77229  0.63724
0.18707  0.77284  0.63535
0.18839  0.77339  0.63346
0.18967  0.77394  0.63156
0.19093  0.77449  0.62964
0.19216  0.77503  0.62771
0.19339  0.77558  0.62576
0.19461  0.77613  0.62382
0.19580  0.77668  0.62185
0.19701  0.77724  0.61991
0.19819  0.77779  0.61794
0.19941  0.77833  0.61596
0.20073  0.77887  0.61396
0.20214  0.77940  0.61196
0.20362  0.77992  0.60994
0.20507  0.78044  0.60792
0.20654  0.78096  0.60587
0.20793  0.78146  0.60385
0.20934  0.78195  0.60181
0.21076  0.78245  0.59976
0.21223  0.78295  0.59770
0.21368  0.78347  0.59562
0.21515  0.78401  0.59353
0.21669  0.78453  0.59142
0.21825  0.78504  0.58930
0.21985  0.78555  0.58717
0.22148  0.78606  0.58504
0.22317  0.78655  0.58288
0.22488  0.78703  0.58071
0.22668  0.78748  0.57853
0.22850  0.78792  0.57634
0.23034  0.78837  0.57413
0.23230  0.78882  0.57192
0.23431  0.78927  0.56971
0.23639  0.78972  0.56750
0.23848  0.79017  0.56527
0.24063  0.79061  0.56305
0.24282  0.79104  0.56081
0.24504  0.79147  0.55857
0.24732  0.79189  0.55632
0.24964  0.79229  0.55406
0.25204  0.79268  0.55179
0.25447  0.79305  0.54950
0.25693  0.79342  0.54719
0.25947  0.79378  0.54488
0.26204  0.79414  0.54255
0.26465  0.79449  0.54020
0.26732  0.79483  0.53786
0.27008  0.79517  0.53550
0.27286  0.79551  0.53317
0.27572  0.79584  0.53083
0.27859  0.79616  0.52849
0.28150  0.79646  0.52612
0.28445  0.79675  0.52374
0.28743  0.79702  0.52134
0.29044  0.79729  0.51895
0.29347  0.79755  0.51654
0.29653  0.79781  0.51417
0.29959  0.79806  0.51178
0.30265  0.79830  0.50939
0.30575  0.79854  0.50697
0.30883  0.79877  0.50452
0.31190  0.79900  0.50205
0.31500  0.79922  0.49955
0.31811  0.79943  0.49709
0.32123  0.79964  0.49463
0.32435  0.79984  0.49217
0.32746  0.80004  0.48970
0.33056  0.80023  0.48721
0.33365  0.80041  0.48469
0.33670  0.80058  0.48216
0.33977  0.80075  0.47961
0.34284  0.80092  0.47704
0.34590  0.80111  0.47444
0.34901  0.80129  0.47183
0.35210  0.80146  0.46920
0.35520  0.80162  0.46656
0.35826  0.80175  0.46393
0.36132  0.80188  0.46130
0.36439  0.80199  0.45865
0.36746  0.80211  0.45599
0.37054  0.80225  0.45329
0.37363  0.80238  0.45058
0.37673  0.80250  0.44784
0.37983  0.80261  0.44512
0.38296  0.80270  0.44239
0.38608  0.80278  0.43964
0.38923  0.80284  0.43690
0.39240  0.80291  0.43414
0.39559  0.80297  0.43139
0.39878  0.80303  0.42862
0.40200  0.80308  0.42584
0.40528  0.80310  0.42307
0.40857  0.80310  0.42030
0.41190  0.80307  0.41753
0.41526  0.80304  0.41475
0.41864  0.80300  0.41200
0.42204  0.80296  0.40927
0.42548  0.80292  0.40656
0.42892  0.80286  0.40385
0.43240  0.80280  0.40114
0.43589  0.80271  0.39842
0.43938  0.80262  0.39570
0.44292  0.80251  0.39297
0.44647  0.80239  0.39027
0.45007  0.80226  0.38759
0.45368  0.80211  0.38492
0.45731  0.80196  0.38226
0.46093  0.80179  0.37961
0.46455  0.80163  0.37696
0.46814  0.80146  0.37432
0.47176  0.80129  0.37166
0.47539  0.80110  0.36904
0.47902  0.80088  0.36642
0.48267  0.80066  0.36380
0.48631  0.80043  0.36119
0.48994  0.80020  0.35857
0.49357  0.79998  0.35595
0.49719  0.79976  0.35329
0.50080  0.79954  0.35065
0.50440  0.79930  0.34800
0.50798  0.79904  0.34535
0.51154  0.79877  0.34273
0.51510  0.79849  0.34008
0.51866  0.79820  0.33743
0.52219  0.79791  0.33479
0.52575  0.79762  0.33212
0.52929  0.79732  0.32946
0.53282  0.79701  0.32676
0.53634  0.79669  0.32408
0.53986  0.79637  0.32139
0.54338  0.79605  0.31869
0.54688  0.79571  0.31600
0.55036  0.79537  0.31328
0.55382  0.79502  0.31057
0.55729  0.79467  0.30783
0.56074  0.79432  0.30513
0.56421  0.79397  0.30240
0.56768  0.79363  0.29970
0.57114  0.79329  0.29699
0.57460  0.79292  0.29426
0.57804  0.79254  0.29157
0.58149  0.79214  0.28887
0.58493  0.79174  0.28616
0.58836  0.79133  0.28349
0.59181  0.79091  0.28079
0.59525  0.79049  0.27814
0.59868  0.79007  0.27548
0.60212  0.78964  0.27282
0.60554  0.78920  0.27021
0.60897  0.78875  0.26758
0.61237  0.78830  0.26500
0.61578  0.78784  0.26244
0.61918  0.78738  0.25990
0.62257  0.78691  0.25736
0.62595  0.78644  0.25486
0.62934  0.78595  0.25236
0.63274  0.78546  0.24987
0.63614  0.78497  0.24743
0.63953  0.78447  0.24498
0.64291  0.78396  0.24258
0.64626  0.78344  0.24019
0.64960  0.78292  0.23786
0.65293  0.78240  0.23553
0.65627  0.78187  0.23319
0.65961  0.78133  0.23092
0.66296  0.78079  0.22867
0.66629  0.78024  0.22643
0.66963  0.77968  0.22420
0.67294  0.77911  0.22206
0.67624  0.77854  0.21996
0.67952  0.77796  0.21788
0.68280  0.77739  0.21583
0.68606  0.77681  0.21378
0.68931  0.77624  0.21178
0.69255  0.77567  0.20978
0.69577  0.77509  0.20782
0.69897  0.77452  0.20588
0.70217  0.77395  0.20397
0.70535  0.77338  0.20203
0.70854  0.77280  0.20013
0.71171  0.77222  0.19827
0.71488  0.77162  0.19644
0.71805  0.77102  0.19460
0.72121  0.77041  0.19275
0.72436  0.76981  0.19092
0.72751  0.76922  0.18912
0.73065  0.76862  0.18734
0.73378  0.76802  0.18556
0.73689  0.76741  0.18375
0.73999  0.76678  0.18197
0.74308  0.76616  0.18023
0.74615  0.76553  0.17855
0.74921  0.76491  0.17686
0.75226  0.76428  0.17523
0.75530  0.76366  0.17361
0.75833  0.76304  0.17204
0.76134  0.76242  0.17052
0.76433  0.76179  0.16904
0.76731  0.76117  0.16756
0.77030  0.76055  0.16613
0.77327  0.75992  0.16478
0.77626  0.75930  0.16350
0.77923  0.75868  0.16225
0.78218  0.75805  0.16109
0.78510  0.75743  0.15997
0.78799  0.75681  0.15898
0.79088  0.75618  0.15804
0.79376  0.75556  0.15719
0.79663  0.75494  0.15649
0.79952  0.75431  0.15581
0.80238  0.75369  0.15520
0.80523  0.75307  0.15471
0.80806  0.75246  0.15432
0.81086  0.75186  0.15398
0.81365  0.75127  0.15371
0.81643  0.75067  0.15353
0.81917  0.75007  0.15345
0.82190  0.74946  0.15343
0.82460  0.74887  0.15347
0.82731  0.74828  0.15356
0.83001  0.74768  0.15371
0.83271  0.74707  0.15392
0.83541  0.74647  0.15418
0.83809  0.74588  0.15450
0.84075  0.74531  0.15486
0.84339  0.74475  0.15527
0.84603  0.74421  0.15574
0.84866  0.74367  0.15624
0.85129  0.74313  0.15674
0.85391  0.74258  0.15727
0.85654  0.74202  0.15786
0.85914  0.74148  0.15849
0.86174  0.74094  0.15912
0.86432  0.74041  0.15975
0.86688  0.73989  0.16045
0.86944  0.73938  0.16123
0.87198  0.73886  0.16202
0.87450  0.73836  0.16285
0.87701  0.73786  0.16376
0.87952  0.73737  0.16468
0.88201  0.73689  0.16564
0.88449  0.73640  0.16675
0.88696  0.73592  0.16785
0.88941  0.73546  0.16906
0.89185  0.73502  0.17026
0.89429  0.73458  0.17155
0.89671  0.73416  0.17291
0.89911  0.73375  0.17434
0.90147  0.73335  0.17581
0.90380  0.73297  0.17745
0.90612  0.73260  0.17911
0.90841  0.73224  0.18082
0.91070  0.73189  0.18258
0.91299  0.73155  0.18442
0.91525  0.73122  0.18630
0.91751  0.73092  0.18824
0.91974  0.73063  0.19018
0.92195  0.73037  0.19221
0.92414  0.73013  0.19433
0.92631  0.72989  0.19644
0.92846  0.72967  0.19854
0.93060  0.72945  0.20070
0.93271  0.72925  0.20292
0.93481  0.72907  0.20514
0.93690  0.72891  0.20738
0.93898  0.72876  0.20963
0.94104  0.72864  0.21192
0.94310  0.72854  0.21416
0.94517  0.72846  0.21637
0.94724  0.72842  0.21856
0.94931  0.72840  0.22074
0.95138  0.72840  0.22282
0.95345  0.72840  0.22478
0.95552  0.72840  0.22677
0.95758  0.72841  0.22868
0.95965  0.72846  0.23042
0.96172  0.72856  0.23207
0.96380  0.72870  0.23364
0.96588  0.72888  0.23522
0.96794  0.72909  0.23666
0.96999  0.72932  0.23796
0.97207  0.72955  0.23914
0.97413  0.72982  0.24024
0.97610  0.73018  0.24130
0.97796  0.73066  0.24230
0.97986  0.73123  0.24318
0.98173  0.73187  0.24390
0.98344  0.73260  0.24442
0.98494  0.73342  0.24468
0.98643  0.73426  0.24446
0.98790  0.73513  0.24392
0.98932  0.73603  0.24324
0.99064  0.73698  0.24256
0.99189  0.73799  0.24176
0.99304  0.73905  0.24083
0.99410  0.74014  0.23988
0.99502  0.74125  0.23893
0.99567  0.74247  0.23789
0.99611  0.74377  0.23678
0.99644  0.74510  0.23566
0.99673  0.74643  0.23460
0.99691  0.74778  0.23353
0.99701  0.74915  0.23250
0.99706  0.75055  0.23148
0.99713  0.75193  0.23041
0.99717  0.75332  0.22937
0.99719  0.75472  0.22834
0.99720  0.75612  0.22728
0.99720  0.75753  0.22623
0.99718  0.75895  0.22514
0.99716  0.76037  0.22406
0.99712  0.76180  0.22302
0.99708  0.76322  0.22192
0.99704  0.76464  0.22088
0.99699  0.76606  0.21980
0.99693  0.76748  0.21872
0.99687  0.76890  0.21765
0.99680  0.77032  0.21659
0.99673  0.77174  0.21550
0.99665  0.77316  0.21443
0.99656  0.77459  0.21334
0.99647  0.77604  0.21229
0.99637  0.77749  0.21121
0.99627  0.77893  0.21014
0.99616  0.78038  0.20908
0.99604  0.78182  0.20803
0.99593  0.78326  0.20699
0.99579  0.78471  0.20595
0.99564  0.78617  0.20491
0.99546  0.78763  0.20389
0.99526  0.78911  0.20284
0.99504  0.79058  0.20182
0.99481  0.79205  0.20083
0.99456  0.79353  0.19986
0.99429  0.79499  0.19890
0.99400  0.79646  0.19797
0.99368  0.79794  0.19708
0.99333  0.79944  0.19618
0.99295  0.80093  0.19529
0.99256  0.80243  0.19446
0.99216  0.80393  0.19359
0.99176  0.80545  0.19275
0.99134  0.80697  0.19193
0.99090  0.80850  0.19113
0.99044  0.81001  0.19033
0.98994  0.81153  0.18954
0.98942  0.81305  0.18876
0.98887  0.81457  0.18801
0.98831  0.81611  0.18724
0.98774  0.81764  0.18650
0.98714  0.81919  0.18582
0.98652  0.82074  0.18510
0.98590  0.82229  0.18437
0.98527  0.82383  0.18365
0.98463  0.82538  0.18293
0.98397  0.82693  0.18221
0.98329  0.82848  0.18147
0.98261  0.83002  0.18073
0.98191  0.83157  0.17997
0.98120  0.83311  0.17922
0.98049  0.83465  0.17849
0.97978  0.83619  0.17776
0.97905  0.83774  0.17700
0.97832  0.83928  0.17623
0.97759  0.84084  0.17550
0.97684  0.84241  0.17475
0.97608  0.84398  0.17396
0.97533  0.84556  0.17317
0.97460  0.84712  0.17239
0.97389  0.84867  0.17161
0.97319  0.85022  0.17082
0.97250  0.85176  0.17005
0.97183  0.85330  0.16931
0.97116  0.85484  0.16853
0.97050  0.85638  0.16778
0.96987  0.85793  0.16706
0.96925  0.85949  0.16631
0.96865  0.86105  0.16555
0.96808  0.86264  0.16484
0.96752  0.86421  0.16415
0.96697  0.86577  0.16343
0.96645  0.86732  0.16272
0.96595  0.86886  0.16203
0.96546  0.87040  0.16135
0.96500  0.87195  0.16064
0.96455  0.87349  0.15996
0.96413  0.87503  0.15933
0.96372  0.87658  0.15871
0.96332  0.87813  0.15806
0.96292  0.87967  0.15741
0.96254  0.88122  0.15681
0.96217  0.88276  0.15621
0.96184  0.88431  0.15557
0.96153  0.88586  0.15494
0.96125  0.88740  0.15432
0.96099  0.88895  0.15370
0.96076  0.89049  0.15308
0.96056  0.89202  0.15246
0.96038  0.89354  0.15185
0.96022  0.89506  0.15122
0.96007  0.89657  0.15059
0.95993  0.89806  0.14995
0.95979  0.89956  0.14928
0.95967  0.90105  0.14857
0.95959  0.90255  0.14789
0.95953  0.90407  0.14715
0.95950  0.90560  0.14639
0.95949  0.90712  0.14566
0.95950  0.90863  0.14488
0.95953  0.91011  0.14409
0.95958  0.91157  0.14331
0.95964  0.91303  0.14251
0.95971  0.91451  0.14168
0.95979  0.91600  0.14083
0.95988  0.91751  0.13987
0.95999  0.91900  0.13897
0.96012  0.92049  0.13808
0.96027  0.92198  0.13714
0.96043  0.92345  0.13615
0.96062  0.92491  0.13524
0.96083  0.92637  0.13428
0.96106  0.92782  0.13329
0.96131  0.92926  0.13230
0.96157  0.93071  0.13129
0.96183  0.93215  0.13029
0.96209  0.93362  0.12919
0.96236  0.93510  0.12815
0.96264  0.93658  0.12704
0.96293  0.93804  0.12600
0.96323  0.93949  0.12488
0.96355  0.94094  0.12377
0.96388  0.94238  0.12264
0.96423  0.94382  0.12151
0.96459  0.94524  0.12035
0.96495  0.94666  0.11918
0.96533  0.94808  0.11797
0.96573  0.94950  0.11672
0.96614  0.95095  0.11544
0.96656  0.95239  0.11413
0.96699  0.95384  0.11287
0.96743  0.95528  0.11152
0.96787  0.95671  0.11019
0.96831  0.95813  0.10879
0.96876  0.95954  0.10742
0.96922  0.96097  0.10603
0.96969  0.96241  0.10452
0.97016  0.96386  0.10310
0.97064  0.96531  0.10157
0.97112  0.96675  0.10005
0.97159  0.96818  0.09853
0.97206  0.96959  0.09692
0.97254  0.97100  0.09539
0.97301  0.97243  0.09376
0.97348  0.97387  0.09216
0.97395  0.97532  0.09049
0.97442  0.97678  0.08881
0.97491  0.97822  0.08718
0.97539  0.97965  0.08544
0.97589  0.98107  0.08385
0.97639  0.98249  0.08221
0.97690  0.98390  0.08050
