1024
0.00000  0.20387  0.96251
0.00004  0.20677  0.95974
0.00003  0.20960  0.95697
0.00000  0.21243  0.95420
0.00000  0.21521  0.95143
0.00001  0.21798  0.94866
0.00000  0.22072  0.94590
0.00000  0.22340  0.94314
0.00000  0.22607  0.94037
0.00001  0.22870  0.93761
0.00000  0.23131  0.93485
0.00000  0.23387  0.93209
0.00000  0.23645  0.92933
0.00001  0.23896  0.92657
0.00000  0.24149  0.92381
0.00000  0.24395  0.92105
0.00000  0.24642  0.91830
0.00001  0.24888  0.91554
0.00000  0.25131  0.91279
0.00000  0.25370  0.91004
0.00000  0.25606  0.90728
0.00001  0.25843  0.90453
0.00000  0.26077  0.90177
0.00000  0.26311  0.89902
0.00000  0.26540  0.89627
0.00001  0.26768  0.89352
0.00000  0.26998  0.89078
0.00000  0.27222  0.88803
0.00000  0.27447  0.88529
0.00001  0.27670  0.88254
0.00000  0.27891  0.87979
0.00000  0.28108  0.87705
0.00000  0.28328  0.87431
0.00001  0.28543  0.87157
0.00000  0.28759  0.86883
0.00000  0.28974  0.86608
0.00000  0.29187  0.86334
0.00001  0.29397  0.86060
0.00000  0.29607  0.85785
0.00000  0.29815  0.85512
0.00000  0.30023  0.85238
0.00001  0.30229  0.84965
0.00000  0.30435  0.84691
0.00000  0.30641  0.84418
0.00000  0.30843  0.84144
0.00001  0.31046  0.83871
0.00000  0.31244  0.83598
0.00000  0.31444  0.83325
0.00000  0.31644  0.83052
0.00001  0.31841  0.82778
0.00000  0.32040  0.82505
0.00000  0.32235  0.82232
0.00000  0.32428  0.81959
0.00001  0.32622  0.81686
0.00000  0.32816  0.81413
0.00000  0.33009  0.81141
0.00000  0.33200  0.80868
0.00001  0.33391  0.80595
0.00000  0.33580  0.80323
0.00000  0.33768  0.80051
0.00000  0.33957  0.79778
0.00001  0.34144  0.79506
0.00000  0.34330  0.79233
0.00000  0.34516  0.78961
0.00000  0.34701  0.78689
0.00001  0.34885  0.78417
0.00000  0.35069  0.78145
0.00000  0.35251  0.77872
0.00000  0.35433  0.77601
0.00001  0.35614  0.77328
0.00000  0.35795  0.77057
0.00000  0.35974  0.76785
0.00000  0.36153  0.76514
0.00001  0.36331  0.76242
0.00000  0.36508  0.75970
0.00000  0.36686  0.75699
0.00000  0.36863  0.75428
0.00001  0.37037  0.75157
0.00000  0.37212  0.74885
0.00000  0.37388  0.74614
0.00000  0.37561  0.74344
0.00001  0.37734  0.74072
0.00000  0.37906  0.73801
0.00000  0.38078  0.73530
0.00000  0.38248  0.73260
0.00001  0.38419  0.72989
0.00000  0.38588  0.72719
0.00000  0.38757  0.72448
0.00000  0.38926  0.72178
0.00001  0.39094  0.71908
0.00000  0.39260  0.71639
0.00000  0.39426  0.71368
0.00000  0.39592  0.71099
0.00001  0.39756  0.70830
0.00000  0.39920  0.70560
0.00000  0.40085  0.70291
0.00000  0.40246  0.70022
0.00001  0.40408  0.69754
0.00000  0.40569  0.69485
0.00000  0.40728  0.69218
0.00000  0.40887  0.68950
0.00001  0.41046  0.68683
0.00000  0.41203  0.68416
0.00000  0.41359  0.68149
0.00000  0.41514  0.67883
0.00000  0.41668  0.67617
0.00000  0.41821  0.67352
0.00000  0.41974  0.67086
0.00000  0.42124  0.66822
0.00000  0.42274  0.66558
0.00000  0.42424  0.66295
0.00001  0.42572  0.66031
0.00001  0.42720  0.65770
0.00000  0.42865  0.65508
0.00000  0.43009  0.65247
0.00002  0.43153  0.64987
0.00001  0.43295  0.64727
0.00000  0.43435  0.64468
0.00000  0.43575  0.64210
0.00003  0.43713  0.63952
0.00002  0.43849  0.63695
0.00000  0.43984  0.63440
0.00000  0.44118  0.63184
0.00004  0.44252  0.62928
0.00003  0.44384  0.62675
0.00000  0.44514  0.62424
0.00000  0.44643  0.62170
0.00005  0.44770  0.61920
0.00004  0.44898  0.61669
0.00000  0.45023  0.61420
0.00000  0.45147  0.61171
0.00007  0.45270  0.60922
0.00006  0.45390  0.60675
0.00000  0.45511  0.60430
0.00000  0.45630  0.60184
0.00000  0.45747  0.59939
0.00000  0.45864  0.59694
0.00015  0.45980  0.59452
0.00028  0.46095  0.59211
0.00097  0.46209  0.58968
0.00297  0.46320  0.58726
0.00695  0.46433  0.58485
0.01293  0.46542  0.58244
0.01974  0.46653  0.58006
0.02677  0.46762  0.57767
0.03345  0.46870  0.57530
0.04052  0.46977  0.57293
0.04713  0.47083  0.57055
0.05321  0.47189  0.56819
0.05904  0.47293  0.56583
0.06457  0.47398  0.56349
0.06992  0.47503  0.56112
0.07494  0.47606  0.55878
0.07970  0.47709  0.55645
0.08447  0.47811  0.55411
0.08901  0.47913  0.55177
0.09332  0.48015  0.54943
0.09749  0.48116  0.54711
0.10159  0.48218  0.54478
0.10562  0.48317  0.54244
0.10950  0.48418  0.54011
0.11311  0.48518  0.53781
0.11674  0.48618  0.53547
0.12032  0.48718  0.53314
0.12373  0.48817  0.53082
0.12690  0.48916  0.52852
0.13019  0.49016  0.52620
0.13339  0.49116  0.52387
0.13647  0.49214  0.52154
0.13939  0.49312  0.51924
0.14228  0.49412  0.51693
0.14513  0.49511  0.51461
0.14793  0.49608  0.51228
0.15072  0.49707  0.50995
0.15332  0.49807  0.50764
0.15585  0.49905  0.50531
0.15834  0.50004  0.50299
0.16087  0.50103  0.50066
0.16327  0.50201  0.49834
0.16549  0.50300  0.49600
0.16776  0.50400  0.49368
0.17005  0.50497  0.49136
0.17220  0.50596  0.48901
0.17429  0.50695  0.48669
0.17631  0.50795  0.48435
0.17841  0.50894  0.48203
0.18034  0.50993  0.47969
0.18223  0.51092  0.47734
0.18411  0.51191  0.47501
0.18600  0.51290  0.47266
0.18780  0.51390  0.47032
0.18951  0.51490  0.46796
0.19121  0.51588  0.46560
0.19291  0.51689  0.46325
0.19456  0.51789  0.46090
0.19614  0.51889  0.45854
0.19768  0.51988  0.45618
0.19920  0.52089  0.45382
0.20069  0.52188  0.45146
0.20215  0.52289  0.44909
0.20359  0.52389  0.44671
0.20499  0.52489  0.44434
0.20637  0.52590  0.44197
0.20768  0.52691  0.43958
0.20897  0.52790  0.43720
0.21025  0.52892  0.43482
0.21151  0.52992  0.43243
0.21271  0.53092  0.43003
0.21390  0.53193  0.42764
0.21505  0.53294  0.42524
0.21622  0.53394  0.42283
0.21731  0.53496  0.42042
0.21839  0.53597  0.41801
0.21945  0.53699  0.41560
0.22049  0.53800  0.41319
0.22148  0.53901  0.41076
0.22247  0.54001  0.40833
0.22343  0.54103  0.40591
0.22434  0.54204  0.40348
0.22527  0.54307  0.40104
0.22618  0.54408  0.39859
0.22704  0.54510  0.39615
0.22789  0.54612  0.39369
0.22873  0.54713  0.39123
0.22951  0.54816  0.38877
0.23029  0.54918  0.38629
0.23107  0.55019  0.38383
0.23183  0.55122  0.38135
0.23254  0.55224  0.37886
0.23322  0.55325  0.37639
0.23392  0.55428  0.37389
0.23461  0.55530  0.37137
0.23526  0.55632  0.36888
0.23587  0.55736  0.36637
0.23648  0.55837  0.36384
0.23708  0.55940  0.36132
0.23765  0.56043  0.35878
0.23818  0.56146  0.35626
0.23871  0.56249  0.35370
0.23923  0.56352  0.35116
0.23973  0.56454  0.34859
0.24019  0.56556  0.34601
0.24066  0.56660  0.34345
0.24112  0.56763  0.34086
0.24156  0.56865  0.33826
0.24196  0.56968  0.33568
0.24235  0.57071  0.33307
0.24273  0.57175  0.33044
0.24309  0.57279  0.32781
0.24343  0.57382  0.32517
0.24376  0.57485  0.32254
0.24407  0.57590  0.31988
0.24437  0.57693  0.31721
0.24465  0.57796  0.31453
0.24491  0.57900  0.31184
0.24516  0.58004  0.30917
0.24540  0.58107  0.30645
0.24561  0.58211  0.30371
0.24581  0.58315  0.30098
0.24600  0.58419  0.29823
0.24618  0.58524  0.29548
0.24634  0.58627  0.29271
0.24648  0.58731  0.28993
0.24661  0.58834  0.28712
0.24672  0.58938  0.28431
0.24682  0.59042  0.28149
0.24690  0.59147  0.27866
0.24698  0.59252  0.27582
0.24703  0.59356  0.27293
0.24708  0.59460  0.27006
0.24711  0.59564  0.26713
0.24713  0.59669  0.26424
0.24714  0.59773  0.26130
0.24714  0.59877  0.25835
0.24712  0.59982  0.25540
0.24710  0.60086  0.25241
0.24706  0.60190  0.24940
0.24702  0.60295  0.24639
0.24697  0.60399  0.24335
0.24691  0.60503  0.24030
0.24685  0.60606  0.23727
0.24678  0.60711  0.23417
0.24670  0.60815  0.23107
0.24662  0.60919  0.22795
0.24654  0.61022  0.22478
0.24646  0.61126  0.22164
0.24637  0.61229  0.21848
0.24629  0.61332  0.21528
0.24621  0.61436  0.21210
0.24614  0.61539  0.20887
0.24608  0.61642  0.20564
0.24602  0.61745  0.20237
0.24597  0.61848  0.19910
0.24595  0.61950  0.19584
0.24593  0.62052  0.19255
0.24594  0.62153  0.18925
0.24596  0.62254  0.18596
0.24601  0.62355  0.18261
0.24608  0.62455  0.17930
0.24617  0.62555  0.17593
0.24629  0.62654  0.17261
0.24646  0.62754  0.16931
0.24666  0.62853  0.16592
0.24690  0.62950  0.16261
0.24718  0.63049  0.15925
0.24752  0.63145  0.15594
0.24790  0.63242  0.15258
0.24832  0.63338  0.14928
0.24878  0.63433  0.14598
0.24930  0.63527  0.14268
0.24988  0.63621  0.13938
0.25052  0.63714  0.13611
0.25125  0.63806  0.13291
0.25203  0.63897  0.12973
0.25287  0.63988  0.12654
0.25376  0.64078  0.12336
0.25474  0.64167  0.12025
0.25577  0.64255  0.11720
0.25690  0.64342  0.11417
0.25806  0.64428  0.11123
0.25933  0.64514  0.10823
0.26065  0.64599  0.10539
0.26206  0.64683  0.10261
0.26353  0.64766  0.09983
0.26504  0.64848  0.09711
0.26667  0.64930  0.09458
0.26836  0.65010  0.09204
0.27010  0.65089  0.08952
0.27187  0.65168  0.08714
0.27379  0.65245  0.08483
0.27574  0.65321  0.08263
0.27771  0.65397  0.08045
0.27975  0.65472  0.07836
0.28187  0.65547  0.07645
0.28403  0.65621  0.07466
0.28623  0.65693  0.07290
0.28849  0.65765  0.07125
0.29081  0.65836  0.06974
0.29317  0.65906  0.06831
0.29554  0.65976  0.06690
0.29795  0.66045  0.06561
0.30043  0.66113  0.06451
0.30294  0.66181  0.06354
0.30547  0.66249  0.06260
0.30799  0.66316  0.06161
0.31058  0.66382  0.06086
0.31317  0.66447  0.06029
0.31580  0.66512  0.05975
0.31842  0.66577  0.05923
0.32106  0.66640  0.05873
0.32371  0.66704  0.05832
0.32638  0.66768  0.05804
0.32909  0.66831  0.05785
0.33176  0.66894  0.05770
0.33447  0.66956  0.05760
0.33717  0.67019  0.05758
0.33988  0.67080  0.05762
0.34259  0.67141  0.05769
0.34529  0.67203  0.05779
0.34800  0.67264  0.05796
0.35071  0.67324  0.05818
0.35340  0.67384  0.05843
0.35611  0.67445  0.05871
0.35880  0.67504  0.05903
0.36151  0.67564  0.05937
0.36420  0.67624  0.05972
0.36689  0.67684  0.06005
0.36956  0.67743  0.06039
0.37223  0.67802  0.06074
0.37490  0.67861  0.06110
0.37757  0.67920  0.06151
0.38022  0.67979  0.06198
0.38287  0.68038  0.06248
0.38550  0.68096  0.06293
0.38814  0.68155  0.06336
0.39077  0.68214  0.06379
0.39338  0.68272  0.06425
0.39600  0.68331  0.06471
0.39860  0.68389  0.06518
0.40120  0.68447  0.06565
0.40378  0.68506  0.06612
0.40636  0.68564  0.06660
0.40892  0.68622  0.06709
0.41148  0.68680  0.06758
0.41404  0.68738  0.06807
0.41659  0.68796  0.06857
0.41913  0.68853  0.06908
0.42165  0.68911  0.06955
0.42419  0.68969  0.06999
0.42671  0.69026  0.07044
0.42922  0.69083  0.07095
0.43173  0.69141  0.07145
0.43421  0.69199  0.07189
0.43671  0.69257  0.07235
0.43918  0.69314  0.07286
0.44167  0.69371  0.07338
0.44415  0.69427  0.07384
0.44661  0.69485  0.07429
0.44907  0.69542  0.07474
0.45152  0.69599  0.07520
0.45396  0.69656  0.07567
0.45640  0.69713  0.07613
0.45884  0.69770  0.07659
0.46127  0.69826  0.07706
0.46369  0.69883  0.07753
0.46611  0.69939  0.07800
0.46852  0.69996  0.07847
0.47094  0.70053  0.07895
0.47333  0.70110  0.07943
0.47573  0.70166  0.07990
0.47812  0.70222  0.08038
0.48051  0.70279  0.08086
0.48289  0.70335  0.08135
0.48527  0.70391  0.08184
0.48765  0.70447  0.08230
0.49001  0.70504  0.08272
0.49238  0.70560  0.08317
0.49475  0.70616  0.08367
0.49710  0.70673  0.08416
0.49945  0.70728  0.08460
0.50180  0.70784  0.08503
0.50415  0.70840  0.08545
0.50648  0.70896  0.08591
0.50882  0.70951  0.08641
0.51114  0.71007  0.08692
0.51347  0.71062  0.08739
0.51579  0.71118  0.08783
0.51812  0.71173  0.08828
0.52043  0.71228  0.08874
0.52275  0.71284  0.08920
0.52506  0.71339  0.08966
0.52737  0.71395  0.09012
0.52967  0.71449  0.09057
0.53197  0.71505  0.09104
0.53426  0.71560  0.09151
0.53656  0.71615  0.09196
0.53884  0.71670  0.09238
0.54112  0.71725  0.09281
0.54340  0.71779  0.09326
0.54569  0.71834  0.09374
0.54796  0.71889  0.09423
0.55023  0.71944  0.09471
0.55250  0.71998  0.09515
0.55477  0.72053  0.09558
0.55704  0.72107  0.09600
0.55929  0.72161  0.09643
0.56155  0.72216  0.09689
0.56381  0.72270  0.09738
0.56606  0.72324  0.09786
0.56831  0.72379  0.09830
0.57055  0.72433  0.09874
0.57281  0.72487  0.09918
0.57504  0.72542  0.09963
0.57729  0.72595  0.10008
0.57953  0.72649  0.10053
0.58176  0.72702  0.10098
0.58399  0.72756  0.10144
0.58622  0.72810  0.10189
0.58844  0.72863  0.10234
0.59067  0.72917  0.10280
0.59290  0.72971  0.10326
0.59512  0.73025  0.10370
0.59734  0.73078  0.10412
0.59956  0.73132  0.10454
0.60177  0.73185  0.10499
0.60399  0.73239  0.10547
0.60619  0.73292  0.10594
0.60840  0.73345  0.10641
0.61060  0.73398  0.10686
0.61280  0.73451  0.10728
0.61500  0.73504  0.10770
0.61721  0.73557  0.10813
0.61942  0.73609  0.10858
0.62161  0.73662  0.10906
0.62381  0.73715  0.10954
0.62599  0.73768  0.10998
0.62819  0.73821  0.11041
0.63038  0.73874  0.11084
0.63256  0.73927  0.11129
0.63475  0.73979  0.11173
0.63693  0.74031  0.11218
0.63911  0.74083  0.11263
0.64128  0.74135  0.11308
0.64346  0.74188  0.11352
0.64564  0.74240  0.11393
0.64782  0.74293  0.11434
0.64999  0.74345  0.11478
0.65216  0.74397  0.11524
0.65433  0.74449  0.11571
0.65651  0.74500  0.11617
0.65867  0.74552  0.11660
0.66083  0.74604  0.11701
0.66301  0.74656  0.11745
0.66516  0.74708  0.11792
0.66733  0.74760  0.11838
0.66949  0.74811  0.11881
0.67164  0.74862  0.11923
0.67380  0.74913  0.11966
0.67596  0.74965  0.12009
0.67811  0.75017  0.12053
0.68026  0.75068  0.12097
0.68242  0.75120  0.12141
0.68456  0.75171  0.12184
0.68672  0.75222  0.12228
0.68887  0.75272  0.12272
0.69101  0.75323  0.12317
0.69316  0.75375  0.12361
0.69530  0.75426  0.12405
0.69744  0.75477  0.12450
0.69959  0.75527  0.12494
0.70173  0.75578  0.12540
0.70387  0.75628  0.12585
0.70601  0.75679  0.12628
0.70815  0.75729  0.12670
0.71028  0.75780  0.12713
0.71241  0.75831  0.12758
0.71455  0.75881  0.12804
0.71669  0.75931  0.12846
0.71881  0.75981  0.12888
0.72094  0.76032  0.12933
0.72307  0.76082  0.12980
0.72521  0.76132  0.13025
0.72733  0.76182  0.13068
0.72946  0.76232  0.13111
0.73159  0.76282  0.13154
0.73372  0.76332  0.13197
0.73584  0.76382  0.13241
0.73796  0.76432  0.13284
0.74009  0.76482  0.13328
0.74221  0.76532  0.13371
0.74432  0.76581  0.13416
0.74644  0.76630  0.13461
0.74856  0.76679  0.13504
0.75068  0.76728  0.13545
0.75279  0.76777  0.13586
0.75492  0.76827  0.13630
0.75703  0.76876  0.13675
0.75915  0.76926  0.13721
0.76126  0.76975  0.13766
0.76338  0.77024  0.13809
0.76549  0.77073  0.13851
0.76760  0.77122  0.13892
0.76971  0.77171  0.13934
0.77182  0.77220  0.13978
0.77393  0.77268  0.14024
0.77604  0.77317  0.14070
0.77815  0.77365  0.14114
0.78026  0.77414  0.14157
0.78236  0.77463  0.14199
0.78447  0.77511  0.14242
0.78658  0.77560  0.14286
0.78868  0.77609  0.14330
0.79078  0.77657  0.14373
0.79289  0.77706  0.14417
0.79499  0.77754  0.14461
0.79709  0.77802  0.14505
0.79919  0.77850  0.14549
0.80129  0.77898  0.14591
0.80339  0.77945  0.14632
0.80549  0.77993  0.14674
0.80759  0.78041  0.14719
0.80969  0.78089  0.14764
0.81179  0.78137  0.14806
0.81388  0.78185  0.14847
0.81598  0.78232  0.14892
0.81807  0.78280  0.14938
0.82017  0.78327  0.14982
0.82227  0.78375  0.15024
0.82436  0.78423  0.15066
0.82646  0.78470  0.15109
0.82855  0.78518  0.15152
0.83065  0.78565  0.15195
0.83274  0.78612  0.15238
0.83483  0.78659  0.15281
0.83693  0.78706  0.15325
0.83901  0.78753  0.15368
0.84111  0.78800  0.15412
0.84320  0.78847  0.15456
0.84529  0.78894  0.15499
0.84738  0.78941  0.15544
0.84948  0.78987  0.15588
0.85156  0.79033  0.15632
0.85365  0.79080  0.15674
0.85574  0.79126  0.15715
0.85783  0.79172  0.15758
0.85992  0.79218  0.15803
0.86200  0.79264  0.15847
0.86409  0.79310  0.15889
0.86618  0.79356  0.15930
0.86827  0.79401  0.15971
0.87034  0.79446  0.16013
0.87243  0.79491  0.16058
0.87451  0.79535  0.16103
0.87659  0.79579  0.16147
0.87868  0.79623  0.16189
0.88075  0.79667  0.16230
0.88283  0.79711  0.16272
0.88491  0.79754  0.16314
0.88698  0.79796  0.16356
0.88905  0.79839  0.16398
0.89112  0.79880  0.16439
0.89319  0.79921  0.16477
0.89525  0.79961  0.16516
0.89731  0.80001  0.16556
0.89937  0.80039  0.16597
0.90142  0.80077  0.16639
0.90347  0.80114  0.16679
0.90551  0.80150  0.16717
0.90754  0.80185  0.16754
0.90956  0.80219  0.16790
0.91158  0.80252  0.16827
0.91359  0.80283  0.16865
0.91559  0.80314  0.16902
0.91759  0.80342  0.16937
0.91957  0.80369  0.16971
0.92154  0.80395  0.17003
0.92350  0.80418  0.17035
0.92545  0.80440  0.17066
0.92737  0.80459  0.17095
0.92928  0.80477  0.17124
0.93119  0.80492  0.17153
0.93306  0.80505  0.17179
0.93492  0.80516  0.17204
0.93676  0.80524  0.17228
0.93858  0.80529  0.17251
0.94038  0.80532  0.17273
0.94214  0.80532  0.17292
0.94388  0.80529  0.17311
0.94560  0.80523  0.17328
0.94729  0.80515  0.17344
0.94894  0.80502  0.17357
0.95057  0.80486  0.17368
0.95218  0.80468  0.17379
0.95375  0.80447  0.17388
0.95527  0.80420  0.17392
0.95676  0.80390  0.17396
0.95824  0.80359  0.17399
0.95967  0.80324  0.17401
0.96105  0.80283  0.17398
0.96239  0.80239  0.17394
0.96370  0.80192  0.17388
0.96498  0.80143  0.17381
0.96624  0.80091  0.17374
0.96744  0.80034  0.17363
0.96859  0.79973  0.17348
0.96971  0.79909  0.17332
0.97081  0.79843  0.17318
0.97186  0.79773  0.17300
0.97286  0.79699  0.17279
0.97381  0.79621  0.17255
0.97474  0.79542  0.17232
0.97563  0.79460  0.17207
0.97648  0.79374  0.17178
0.97729  0.79284  0.17148
0.97807  0.79193  0.17119
0.97882  0.79100  0.17088
0.97954  0.79003  0.17054
0.98021  0.78904  0.17019
0.98087  0.78803  0.16984
0.98149  0.78700  0.16947
0.98208  0.78594  0.16908
0.98264  0.78487  0.16866
0.98317  0.78378  0.16823
0.98368  0.78266  0.16781
0.98416  0.78153  0.16739
0.98462  0.78038  0.16696
0.98506  0.77923  0.16650
0.98548  0.77806  0.16602
0.98587  0.77687  0.16554
0.98625  0.77567  0.16507
0.98661  0.77446  0.16461
0.98696  0.77324  0.16415
0.98729  0.77201  0.16365
0.98760  0.77077  0.16314
0.98790  0.76952  0.16264
0.98818  0.76827  0.16214
0.98846  0.76701  0.16163
0.98872  0.76575  0.16110
0.98897  0.76447  0.16055
0.98922  0.76319  0.16002
0.98945  0.76191  0.15951
0.98968  0.76062  0.15900
0.98990  0.75932  0.15848
0.99011  0.75803  0.15793
0.99032  0.75673  0.15738
0.99052  0.75543  0.15686
0.99072  0.75413  0.15635
0.99091  0.75281  0.15580
0.99110  0.75151  0.15524
0.99128  0.75020  0.15470
0.99146  0.74888  0.15415
0.99163  0.74757  0.15361
0.99180  0.74625  0.15306
0.99197  0.74492  0.15252
0.99213  0.74361  0.15198
0.99230  0.74228  0.15144
0.99246  0.74096  0.15090
0.99262  0.73964  0.15037
0.99278  0.73831  0.14984
0.99294  0.73699  0.14928
0.99309  0.73566  0.14870
0.99324  0.73434  0.14816
0.99339  0.73301  0.14763
0.99354  0.73168  0.14707
0.99368  0.73035  0.14651
0.99383  0.72902  0.14599
0.99397  0.72768  0.14547
0.99411  0.72635  0.14491
0.99425  0.72503  0.14435
0.99439  0.72369  0.14379
0.99453  0.72235  0.14324
0.99467  0.72102  0.14270
0.99480  0.71969  0.14215
0.99494  0.71835  0.14161
0.99508  0.71702  0.14108
0.99521  0.71568  0.14052
0.99534  0.71433  0.13994
0.99548  0.71299  0.13938
0.99561  0.71166  0.13885
0.99574  0.71032  0.13833
0.99586  0.70898  0.13779
0.99599  0.70764  0.13723
0.99612  0.70630  0.13666
0.99624  0.70495  0.13609
0.99636  0.70361  0.13556
0.99648  0.70226  0.13505
0.99660  0.70092  0.13451
0.99673  0.69957  0.13395
0.99685  0.69822  0.13340
0.99697  0.69688  0.13285
0.99708  0.69553  0.13231
0.99720  0.69418  0.13176
0.99731  0.69284  0.13122
0.99742  0.69148  0.13068
0.99753  0.69013  0.13015
0.99765  0.68879  0.12957
0.99776  0.68743  0.12899
0.99787  0.68608  0.12846
0.99798  0.68472  0.12792
0.99809  0.68337  0.12735
0.99819  0.68201  0.12680
0.99830  0.68065  0.12628
0.99840  0.67930  0.12574
0.99851  0.67795  0.12517
0.99861  0.67659  0.12461
0.99871  0.67523  0.12406
0.99881  0.67387  0.12350
0.99891  0.67251  0.12295
0.99901  0.67114  0.12240
0.99911  0.66979  0.12185
0.99920  0.66842  0.12130
0.99930  0.66705  0.12076
0.99939  0.66569  0.12022
0.99948  0.66432  0.11968
0.99957  0.66296  0.11915
0.99966  0.66159  0.11863
0.99976  0.66022  0.11807
0.99986  0.65884  0.11748
0.99993  0.65748  0.11694
0.99997  0.65611  0.11642
0.99999  0.65472  0.11586
1.00000  0.65335  0.11529
1.00000  0.65198  0.11471
1.00000  0.65061  0.11417
1.00000  0.64923  0.11367
1.00000  0.64785  0.11314
1.00000  0.64647  0.11258
1.00000  0.64509  0.11202
1.00000  0.64371  0.11147
1.00000  0.64233  0.11092
1.00000  0.64094  0.11038
1.00000  0.63957  0.10984
1.00000  0.63818  0.10927
1.00000  0.63680  0.10867
1.00000  0.63540  0.10811
1.00000  0.63402  0.10759
1.00000  0.63263  0.10707
1.00000  0.63124  0.10653
1.00000  0.62984  0.10596
1.00000  0.62846  0.10538
1.00000  0.62706  0.10480
1.00000  0.62566  0.10427
1.00000  0.62427  0.10376
1.00000  0.62287  0.10321
1.00000  0.62147  0.10264
1.00000  0.62008  0.10207
1.00000  0.61868  0.10152
1.00000  0.61728  0.10097
1.00000  0.61587  0.10041
1.00000  0.61446  0.09986
1.00000  0.61306  0.09931
1.00000  0.61165  0.09877
1.00000  0.61025  0.09824
1.00000  0.60885  0.09768
1.00000  0.60744  0.09708
1.00000  0.60601  0.09650
1.00000  0.60461  0.09597
1.00000  0.60320  0.09546
1.00000  0.60178  0.09493
1.00000  0.60037  0.09436
1.00000  0.59895  0.09377
1.00000  0.59753  0.09318
1.00000  0.59611  0.09264
1.00000  0.59469  0.09213
1.00000  0.59327  0.09160
1.00000  0.59185  0.09103
1.00000  0.59041  0.09046
1.00000  0.58898  0.08991
1.00000  0.58756  0.08935
1.00000  0.58613  0.08879
1.00000  0.58470  0.08823
1.00000  0.58326  0.08770
1.00000  0.58183  0.08715
1.00000  0.58040  0.08655
1.00000  0.57896  0.08595
1.00000  0.57752  0.08540
1.00000  0.57609  0.08489
1.00000  0.57464  0.08436
1.00000  0.57321  0.08378
1.00000  0.57176  0.08319
1.00000  0.57031  0.08265
1.00000  0.56886  0.08214
1.00000  0.56742  0.08156
1.00000  0.56596  0.08097
1.00000  0.56451  0.08039
1.00000  0.56306  0.07982
1.00000  0.56160  0.07924
1.00000  0.56015  0.07867
1.00000  0.55868  0.07811
1.00000  0.55724  0.07754
1.00000  0.55576  0.07698
1.00000  0.55431  0.07643
1.00000  0.55284  0.07587
1.00000  0.55138  0.07532
1.00000  0.54991  0.07477
1.00000  0.54844  0.07423
1.00000  0.54696  0.07371
1.00000  0.54549  0.07313
1.00000  0.54401  0.07250
1.00000  0.54253  0.07195
1.00000  0.54104  0.07143
1.00000  0.53956  0.07083
1.00000  0.53809  0.07024
1.00000  0.53660  0.06973
1.00000  0.53511  0.06920
1.00000  0.53361  0.06860
1.00000  0.53213  0.06801
1.00000  0.53064  0.06743
1.00000  0.52915  0.06685
1.00000  0.52765  0.06627
1.00000  0.52615  0.06570
1.00000  0.52465  0.06513
1.00000  0.52315  0.06457
1.00000  0.52163  0.06400
1.00000  0.52013  0.06345
1.00000  0.51863  0.06291
1.00000  0.51712  0.06231
1.00000  0.51559  0.06166
1.00000  0.51409  0.06108
1.00000  0.51256  0.06056
1.00000  0.51104  0.06003
1.00000  0.50952  0.05947
1.00000  0.50800  0.05884
1.00000  0.50646  0.05820
1.00000  0.50493  0.05761
1.00000  0.50339  0.05709
1.00000  0.50187  0.05655
1.00000  0.50033  0.05594
1.00000  0.49880  0.05534
1.00000  0.49726  0.05475
1.00000  0.49571  0.05416
1.00000  0.49417  0.05357
1.00000  0.49261  0.05298
1.00000  0.49107  0.05239
1.00000  0.48950  0.05181
1.00000  0.48796  0.05124
1.00000  0.48639  0.05067
1.00000  0.48482  0.05010
1.00000  0.48326  0.04956
1.00000  0.48169  0.04900
1.00000  0.48013  0.04833
1.00000  0.47855  0.04770
1.00000  0.47698  0.04717
1.00000  0.47540  0.04656
1.00000  0.47381  0.04591
1.00000  0.47223  0.04537
1.00000  0.47064  0.04482
1.00000  0.46905  0.04418
1.00000  0.46746  0.04352
1.00000  0.46585  0.04292
1.00000  0.46427  0.04241
1.00000  0.46265  0.04187
1.00000  0.46105  0.04125
1.00000  0.45944  0.04063
1.00000  0.45782  0.04003
1.00000  0.45620  0.03942
1.00000  0.45459  0.03882
1.00000  0.45297  0.03823
1.00000  0.45135  0.03764
1.00000  0.44972  0.03704
1.00000  0.44808  0.03645
1.00000  0.44644  0.03590
1.00000  0.44481  0.03532
1.00000  0.44316  0.03462
1.00000  0.44151  0.03395
1.00000  0.43986  0.03341
1.00000  0.43821  0.03287
1.00000  0.43655  0.03231
1.00000  0.43489  0.03175
1.00000  0.43322  0.03121
1.00000  0.43156  0.03066
1.00000  0.42988  0.03012
1.00000  0.42820  0.02959
1.00000  0.42651  0.02906
1.00000  0.42483  0.02854
1.00000  0.42313  0.02801
1.00000  0.42144  0.02750
1.00000  0.41975  0.02698
1.00000  0.41804  0.02647
1.00000  0.41633  0.02597
1.00000  0.41462  0.02547
1.00000  0.41291  0.02497
1.00000  0.41118  0.02448
1.00000  0.40946  0.02399
1.00000  0.40772  0.02350
1.00000  0.40599  0.02301
1.00000  0.40424  0.02253
1.00000  0.40249  0.02206
1.00000  0.40076  0.02158
1.00000  0.39899  0.02112
1.00000  0.39723  0.02065
1.00000  0.39547  0.02020
1.00000  0.39369  0.01974
1.00000  0.39192  0.01929
1.00000  0.39013  0.01885
1.00000  0.38835  0.01841
0.99999  0.38655  0.01796
0.99999  0.38475  0.01753
0.99997  0.38295  0.01709
0.99993  0.38115  0.01666
0.99986  0.37932  0.01624
0.99977  0.37750  0.01582
0.99968  0.37567  0.01540
0.99959  0.37384  0.01498
0.99951  0.37199  0.01458
0.99942  0.37014  0.01417
0.99934  0.36830  0.01377
0.99925  0.36644  0.01337
0.99916  0.36456  0.01297
0.99908  0.36269  0.01260
0.99899  0.36080  0.01223
0.99890  0.35891  0.01184
0.99881  0.35704  0.01137
0.99872  0.35514  0.01088
0.99862  0.35321  0.01046
0.99853  0.35129  0.01009
0.99844  0.34937  0.00975
0.99834  0.34744  0.00939
0.99825  0.34549  0.00903
0.99815  0.34354  0.00867
0.99806  0.34158  0.00832
0.99796  0.33962  0.00797
0.99786  0.33764  0.00763
0.99776  0.33566  0.00729
0.99766  0.33367  0.00695
0.99756  0.33165  0.00662
0.99746  0.32966  0.00629
0.99736  0.32762  0.00597
0.99726  0.32559  0.00564
0.99716  0.32355  0.00532
0.99705  0.32150  0.00501
0.99694  0.31944  0.00469
0.99684  0.31737  0.00438
0.99673  0.31528  0.00408
0.99662  0.31319  0.00378
0.99651  0.31109  0.00348
0.99641  0.30898  0.00318
0.99630  0.30685  0.00289
0.99619  0.30470  0.00261
0.99608  0.30254  0.00232
0.99596  0.30038  0.00204
0.99585  0.29820  0.00176
0.99573  0.29602  0.00148
0.99562  0.29381  0.00121
0.99550  0.29161  0.00092
0.99539  0.28938  0.00062
0.99527  0.28712  0.00036
0.99516  0.28486  0.00017
0.99504  0.28261  0.00007
0.99492  0.28029  0.00003
0.99480  0.27800  0.00001
0.99468  0.27569  0.00000
0.99456  0.27334  0.00000
0.99444  0.27099  0.00000
0.99431  0.26862  0.00000
0.99419  0.26623  0.00000
0.99406  0.26382  0.00000
0.99394  0.26138  0.00000
0.99381  0.25895  0.00000
0.99368  0.25646  0.00000
0.99355  0.25398  0.00000
0.99343  0.25148  0.00000
0.99330  0.24894  0.00000
0.99317  0.24637  0.00000
0.99304  0.24378  0.00000
0.99291  0.24119  0.00000
0.99278  0.23856  0.00000
0.99264  0.23592  0.00000
0.99251  0.23322  0.00000
0.99238  0.23052  0.00000
0.99224  0.22780  0.00000
0.99211  0.22501  0.00000
0.99197  0.22222  0.00000
0.99183  0.21940  0.00000
0.99169  0.21655  0.00000
0.99155  0.21363  0.00000
0.99141  0.21070  0.00000
0.99127  0.20773  0.00000
0.99113  0.20473  0.00000
0.99099  0.20165  0.00000
0.99085  0.19857  0.00000
0.99070  0.19544  0.00000
0.99056  0.19225  0.00000
0.99041  0.18903  0.00000
