1024
0.22981  0.29872  0.75368
0.23096  0.30041  0.75518
0.23210  0.30210  0.75667
0.23320  0.30380  0.75817
0.23437  0.30552  0.75966
0.23551  0.30721  0.76116
0.23665  0.30894  0.76265
0.23780  0.31065  0.76415
0.23892  0.31233  0.76564
0.24006  0.31404  0.76713
0.24121  0.31575  0.76862
0.24235  0.31743  0.77012
0.24348  0.31913  0.77162
0.24461  0.32084  0.77311
0.24574  0.32254  0.77460
0.24688  0.32423  0.77610
0.24804  0.32593  0.77760
0.24916  0.32763  0.77909
0.25029  0.32935  0.78059
0.25146  0.33102  0.78209
0.25259  0.33274  0.78358
0.25373  0.33444  0.78508
0.25488  0.33612  0.78657
0.25600  0.33782  0.78806
0.25715  0.33954  0.78955
0.25828  0.34124  0.79105
0.25944  0.34295  0.79255
0.26057  0.34464  0.79405
0.26172  0.34634  0.79554
0.26286  0.34805  0.79704
0.26400  0.34975  0.79855
0.26511  0.35145  0.80005
0.26627  0.35314  0.80151
0.26741  0.35483  0.80291
0.26861  0.35650  0.80427
0.26980  0.35817  0.80561
0.27098  0.35984  0.80696
0.27213  0.36151  0.80831
0.27333  0.36317  0.80967
0.27449  0.36484  0.81103
0.27569  0.36653  0.81239
0.27686  0.36819  0.81375
0.27805  0.36986  0.81511
0.27924  0.37153  0.81648
0.28040  0.37320  0.81783
0.28159  0.37488  0.81919
0.28278  0.37656  0.82056
0.28394  0.37822  0.82192
0.28510  0.37989  0.82328
0.28628  0.38157  0.82464
0.28746  0.38325  0.82600
0.28865  0.38491  0.82736
0.28982  0.38658  0.82872
0.29101  0.38826  0.83008
0.29218  0.38992  0.83144
0.29335  0.39160  0.83279
0.29453  0.39327  0.83416
0.29570  0.39494  0.83551
0.29689  0.39660  0.83688
0.29804  0.39828  0.83824
0.29923  0.39995  0.83960
0.30040  0.40162  0.84096
0.30157  0.40330  0.84234
0.30275  0.40496  0.84369
0.30394  0.40663  0.84502
0.30516  0.40828  0.84628
0.30637  0.40992  0.84750
0.30757  0.41154  0.84869
0.30881  0.41318  0.84989
0.31003  0.41480  0.85109
0.31124  0.41644  0.85231
0.31245  0.41807  0.85352
0.31369  0.41971  0.85473
0.31490  0.42133  0.85595
0.31613  0.42297  0.85716
0.31734  0.42461  0.85837
0.31856  0.42624  0.85959
0.31978  0.42788  0.86080
0.32100  0.42951  0.86201
0.32222  0.43115  0.86323
0.32344  0.43278  0.86444
0.32464  0.43441  0.86565
0.32586  0.43604  0.86686
0.32707  0.43768  0.86808
0.32830  0.43930  0.86929
0.32952  0.44093  0.87050
0.33072  0.44258  0.87172
0.33195  0.44422  0.87293
0.33318  0.44584  0.87414
0.33440  0.44748  0.87535
0.33562  0.44912  0.87657
0.33683  0.45075  0.87778
0.33805  0.45238  0.87899
0.33928  0.45401  0.88020
0.34049  0.45564  0.88142
0.34170  0.45727  0.88262
0.34294  0.45889  0.88380
0.34416  0.46049  0.88491
0.34542  0.46209  0.88597
0.34669  0.46367  0.88701
0.34795  0.46525  0.88804
0.34921  0.46684  0.88909
0.35048  0.46841  0.89014
0.35172  0.47000  0.89119
0.35299  0.47159  0.89225
0.35424  0.47316  0.89330
0.35551  0.47476  0.89435
0.35676  0.47634  0.89540
0.35802  0.47793  0.89645
0.35927  0.47952  0.89751
0.36052  0.48109  0.89856
0.36180  0.48268  0.89962
0.36305  0.48426  0.90067
0.36430  0.48584  0.90173
0.36556  0.48743  0.90278
0.36682  0.48900  0.90383
0.36807  0.49060  0.90488
0.36933  0.49217  0.90593
0.37058  0.49376  0.90699
0.37184  0.49535  0.90805
0.37310  0.49693  0.90910
0.37437  0.49853  0.91016
0.37562  0.50010  0.91121
0.37689  0.50170  0.91226
0.37814  0.50327  0.91331
0.37940  0.50487  0.91436
0.38066  0.50644  0.91541
0.38191  0.50804  0.91645
0.38318  0.50960  0.91747
0.38445  0.51114  0.91841
0.38574  0.51267  0.91930
0.38704  0.51420  0.92017
0.38834  0.51571  0.92103
0.38963  0.51724  0.92191
0.39094  0.51877  0.92280
0.39223  0.52028  0.92369
0.39352  0.52180  0.92457
0.39482  0.52333  0.92545
0.39612  0.52485  0.92634
0.39741  0.52638  0.92721
0.39870  0.52790  0.92810
0.40000  0.52943  0.92898
0.40130  0.53095  0.92986
0.40258  0.53247  0.93075
0.40388  0.53399  0.93163
0.40517  0.53551  0.93251
0.40646  0.53705  0.93339
0.40775  0.53858  0.93427
0.40904  0.54009  0.93515
0.41035  0.54161  0.93604
0.41163  0.54315  0.93693
0.41294  0.54466  0.93781
0.41422  0.54619  0.93869
0.41551  0.54771  0.93958
0.41681  0.54924  0.94047
0.41810  0.55077  0.94135
0.41940  0.55230  0.94223
0.42068  0.55382  0.94310
0.42198  0.55534  0.94398
0.42327  0.55686  0.94485
0.42458  0.55836  0.94569
0.42589  0.55985  0.94646
0.42722  0.56130  0.94719
0.42854  0.56275  0.94787
0.42987  0.56419  0.94855
0.43120  0.56563  0.94926
0.43252  0.56710  0.94996
0.43382  0.56854  0.95067
0.43516  0.56999  0.95137
0.43648  0.57144  0.95208
0.43781  0.57290  0.95278
0.43912  0.57433  0.95349
0.44045  0.57579  0.95419
0.44179  0.57724  0.95490
0.44310  0.57870  0.95560
0.44443  0.58016  0.95630
0.44574  0.58161  0.95700
0.44707  0.58306  0.95771
0.44839  0.58452  0.95842
0.44971  0.58597  0.95912
0.45104  0.58741  0.95983
0.45237  0.58886  0.96053
0.45368  0.59032  0.96124
0.45502  0.59178  0.96194
0.45633  0.59323  0.96265
0.45766  0.59468  0.96335
0.45898  0.59613  0.96406
0.46029  0.59758  0.96477
0.46162  0.59903  0.96548
0.46294  0.60047  0.96617
0.46428  0.60192  0.96687
0.46559  0.60337  0.96755
0.46693  0.60480  0.96821
0.46826  0.60620  0.96880
0.46961  0.60758  0.96934
0.47096  0.60894  0.96984
0.47231  0.61029  0.97034
0.47364  0.61166  0.97085
0.47500  0.61302  0.97137
0.47633  0.61438  0.97189
0.47767  0.61575  0.97241
0.47902  0.61712  0.97293
0.48036  0.61850  0.97345
0.48170  0.61987  0.97398
0.48304  0.62123  0.97450
0.48439  0.62260  0.97502
0.48574  0.62398  0.97554
0.48709  0.62534  0.97606
0.48844  0.62670  0.97658
0.48977  0.62807  0.97710
0.49113  0.62943  0.97762
0.49245  0.63081  0.97814
0.49380  0.63217  0.97865
0.49514  0.63354  0.97918
0.49648  0.63490  0.97970
0.49784  0.63628  0.98022
0.49918  0.63764  0.98074
0.50053  0.63901  0.98126
0.50188  0.64038  0.98179
0.50321  0.64175  0.98232
0.50457  0.64311  0.98283
0.50589  0.64447  0.98334
0.50725  0.64583  0.98384
0.50860  0.64719  0.98434
0.50993  0.64853  0.98480
0.51128  0.64984  0.98521
0.51264  0.65113  0.98557
0.51400  0.65239  0.98588
0.51535  0.65365  0.98619
0.51671  0.65492  0.98652
0.51807  0.65620  0.98685
0.51943  0.65747  0.98719
0.52078  0.65873  0.98752
0.52213  0.66000  0.98784
0.52349  0.66128  0.98817
0.52484  0.66255  0.98850
0.52619  0.66383  0.98883
0.52754  0.66509  0.98916
0.52890  0.66636  0.98949
0.53025  0.66763  0.98982
0.53161  0.66890  0.99016
0.53297  0.67018  0.99049
0.53431  0.67144  0.99082
0.53566  0.67272  0.99115
0.53703  0.67399  0.99148
0.53838  0.67526  0.99181
0.53973  0.67653  0.99214
0.54109  0.67781  0.99248
0.54245  0.67907  0.99281
0.54381  0.68034  0.99314
0.54516  0.68162  0.99348
0.54652  0.68289  0.99382
0.54787  0.68416  0.99415
0.54923  0.68543  0.99446
0.55058  0.68669  0.99477
0.55194  0.68794  0.99507
0.55328  0.68919  0.99535
0.55464  0.69039  0.99557
0.55599  0.69158  0.99574
0.55736  0.69274  0.99586
0.55870  0.69388  0.99598
0.56007  0.69505  0.99611
0.56142  0.69621  0.99625
0.56278  0.69737  0.99639
0.56414  0.69854  0.99653
0.56548  0.69970  0.99667
0.56685  0.70087  0.99681
0.56820  0.70203  0.99694
0.56955  0.70320  0.99708
0.57091  0.70436  0.99722
0.57226  0.70552  0.99736
0.57361  0.70669  0.99750
0.57496  0.70784  0.99764
0.57632  0.70901  0.99778
0.57767  0.71017  0.99792
0.57903  0.71134  0.99806
0.58039  0.71250  0.99820
0.58174  0.71367  0.99834
0.58310  0.71483  0.99848
0.58446  0.71600  0.99862
0.58581  0.71717  0.99876
0.58716  0.71832  0.99889
0.58851  0.71950  0.99904
0.58986  0.72066  0.99919
0.59122  0.72183  0.99933
0.59258  0.72298  0.99945
0.59393  0.72413  0.99956
0.59529  0.72528  0.99967
0.59664  0.72640  0.99975
0.59798  0.72750  0.99978
0.59933  0.72856  0.99976
0.60067  0.72960  0.99970
0.60201  0.73064  0.99963
0.60335  0.73168  0.99956
0.60469  0.73273  0.99951
0.60603  0.73378  0.99945
0.60738  0.73483  0.99940
0.60872  0.73586  0.99934
0.61006  0.73691  0.99929
0.61141  0.73795  0.99924
0.61275  0.73900  0.99919
0.61409  0.74004  0.99913
0.61543  0.74108  0.99908
0.61678  0.74213  0.99903
0.61811  0.74319  0.99898
0.61946  0.74423  0.99892
0.62080  0.74528  0.99887
0.62214  0.74632  0.99882
0.62349  0.74737  0.99877
0.62483  0.74842  0.99872
0.62617  0.74946  0.99866
0.62751  0.75052  0.99861
0.62886  0.75157  0.99856
0.63020  0.75261  0.99851
0.63154  0.75366  0.99846
0.63289  0.75471  0.99842
0.63423  0.75575  0.99836
0.63556  0.75678  0.99829
0.63691  0.75781  0.99821
0.63825  0.75883  0.99812
0.63958  0.75983  0.99800
0.64091  0.76081  0.99784
0.64223  0.76174  0.99763
0.64354  0.76266  0.99738
0.64485  0.76357  0.99711
0.64617  0.76448  0.99686
0.64749  0.76541  0.99661
0.64881  0.76632  0.99637
0.65013  0.76724  0.99613
0.65145  0.76815  0.99588
0.65276  0.76907  0.99564
0.65407  0.76999  0.99539
0.65539  0.77091  0.99515
0.65671  0.77183  0.99490
0.65803  0.77275  0.99466
0.65934  0.77366  0.99442
0.66066  0.77458  0.99418
0.66199  0.77550  0.99394
0.66330  0.77642  0.99369
0.66461  0.77735  0.99345
0.66593  0.77826  0.99320
0.66725  0.77918  0.99296
0.66857  0.78010  0.99272
0.66989  0.78102  0.99247
0.67120  0.78194  0.99223
0.67252  0.78285  0.99198
0.67384  0.78378  0.99174
0.67515  0.78470  0.99151
0.67647  0.78562  0.99127
0.67779  0.78653  0.99101
0.67910  0.78742  0.99073
0.68040  0.78830  0.99044
0.68171  0.78917  0.99013
0.68301  0.79001  0.98978
0.68429  0.79082  0.98939
0.68558  0.79160  0.98895
0.68685  0.79237  0.98850
0.68813  0.79314  0.98806
0.68941  0.79393  0.98763
0.69068  0.79470  0.98720
0.69197  0.79548  0.98677
0.69325  0.79626  0.98634
0.69452  0.79704  0.98590
0.69581  0.79783  0.98547
0.69708  0.79861  0.98504
0.69836  0.79939  0.98461
0.69964  0.80018  0.98418
0.70092  0.80096  0.98375
0.70220  0.80174  0.98331
0.70349  0.80253  0.98289
0.70476  0.80331  0.98246
0.70604  0.80409  0.98203
0.70732  0.80487  0.98159
0.70860  0.80565  0.98116
0.70988  0.80643  0.98073
0.71116  0.80721  0.98030
0.71243  0.80799  0.97987
0.71371  0.80878  0.97944
0.71500  0.80956  0.97901
0.71629  0.81035  0.97859
0.71757  0.81113  0.97816
0.71884  0.81190  0.97771
0.72011  0.81265  0.97725
0.72137  0.81340  0.97676
0.72263  0.81412  0.97626
0.72388  0.81482  0.97572
0.72512  0.81549  0.97514
0.72635  0.81612  0.97453
0.72757  0.81675  0.97390
0.72880  0.81737  0.97328
0.73003  0.81801  0.97266
0.73125  0.81865  0.97205
0.73249  0.81928  0.97143
0.73371  0.81992  0.97081
0.73494  0.82056  0.97020
0.73616  0.82119  0.96959
0.73740  0.82183  0.96897
0.73863  0.82247  0.96836
0.73986  0.82310  0.96775
0.74107  0.82374  0.96714
0.74231  0.82438  0.96652
0.74353  0.82502  0.96591
0.74476  0.82565  0.96529
0.74599  0.82629  0.96468
0.74722  0.82693  0.96406
0.74845  0.82756  0.96345
0.74967  0.82820  0.96283
0.75091  0.82883  0.96222
0.75214  0.82947  0.96160
0.75336  0.83010  0.96099
0.75460  0.83074  0.96038
0.75583  0.83140  0.95978
0.75706  0.83204  0.95917
0.75828  0.83266  0.95855
0.75949  0.83327  0.95789
0.76071  0.83386  0.95723
0.76191  0.83443  0.95654
0.76310  0.83497  0.95583
0.76427  0.83549  0.95507
0.76544  0.83597  0.95428
0.76660  0.83645  0.95348
0.76776  0.83693  0.95268
0.76892  0.83741  0.95188
0.77009  0.83790  0.95110
0.77126  0.83838  0.95031
0.77242  0.83886  0.94952
0.77358  0.83935  0.94873
0.77475  0.83983  0.94794
0.77591  0.84031  0.94715
0.77708  0.84080  0.94635
0.77824  0.84128  0.94557
0.77940  0.84176  0.94478
0.78057  0.84225  0.94398
0.78174  0.84273  0.94319
0.78289  0.84321  0.94240
0.78406  0.84370  0.94161
0.78522  0.84418  0.94082
0.78639  0.84467  0.94003
0.78755  0.84516  0.93924
0.78872  0.84564  0.93845
0.78988  0.84612  0.93766
0.79105  0.84661  0.93687
0.79221  0.84709  0.93609
0.79339  0.84759  0.93531
0.79455  0.84808  0.93452
0.79571  0.84855  0.93372
0.79686  0.84900  0.93289
0.79800  0.84944  0.93205
0.79913  0.84985  0.93119
0.80025  0.85024  0.93030
0.80135  0.85060  0.92937
0.80244  0.85093  0.92842
0.80352  0.85124  0.92745
0.80460  0.85156  0.92649
0.80569  0.85189  0.92553
0.80678  0.85222  0.92456
0.80787  0.85254  0.92361
0.80896  0.85286  0.92265
0.81004  0.85318  0.92169
0.81113  0.85351  0.92073
0.81222  0.85384  0.91977
0.81331  0.85416  0.91882
0.81440  0.85449  0.91787
0.81549  0.85482  0.91691
0.81658  0.85515  0.91594
0.81766  0.85547  0.91499
0.81875  0.85580  0.91403
0.81984  0.85612  0.91308
0.82092  0.85645  0.91212
0.82201  0.85678  0.91116
0.82309  0.85710  0.91020
0.82418  0.85743  0.90924
0.82527  0.85776  0.90828
0.82636  0.85808  0.90732
0.82744  0.85841  0.90637
0.82854  0.85875  0.90542
0.82964  0.85908  0.90447
0.83072  0.85939  0.90350
0.83179  0.85968  0.90251
0.83284  0.85995  0.90150
0.83389  0.86020  0.90047
0.83492  0.86043  0.89942
0.83594  0.86062  0.89832
0.83694  0.86079  0.89722
0.83793  0.86095  0.89609
0.83892  0.86110  0.89496
0.83993  0.86126  0.89384
0.84093  0.86143  0.89273
0.84193  0.86159  0.89162
0.84293  0.86175  0.89051
0.84392  0.86191  0.88939
0.84492  0.86207  0.88827
0.84592  0.86224  0.88716
0.84691  0.86240  0.88604
0.84791  0.86256  0.88492
0.84892  0.86272  0.88381
0.84992  0.86289  0.88268
0.85091  0.86305  0.88157
0.85191  0.86322  0.88046
0.85291  0.86338  0.87934
0.85391  0.86354  0.87823
0.85491  0.86370  0.87711
0.85591  0.86387  0.87600
0.85691  0.86403  0.87488
0.85791  0.86419  0.87376
0.85891  0.86435  0.87265
0.85993  0.86452  0.87150
0.86105  0.86470  0.87025
0.86214  0.86487  0.86903
0.86305  0.86502  0.86801
0.86394  0.86504  0.86733
0.86577  0.86469  0.86645
0.86716  0.86444  0.86472
0.86732  0.86445  0.86313
0.86778  0.86420  0.86212
0.86871  0.86373  0.86084
0.86981  0.86317  0.85933
0.87094  0.86259  0.85777
0.87198  0.86206  0.85635
0.87299  0.86154  0.85496
0.87401  0.86102  0.85356
0.87502  0.86051  0.85217
0.87604  0.86000  0.85077
0.87705  0.85948  0.84939
0.87806  0.85896  0.84799
0.87907  0.85845  0.84659
0.88009  0.85793  0.84520
0.88110  0.85742  0.84381
0.88211  0.85691  0.84242
0.88313  0.85639  0.84103
0.88414  0.85588  0.83964
0.88515  0.85537  0.83824
0.88617  0.85485  0.83685
0.88718  0.85433  0.83546
0.88819  0.85381  0.83407
0.88921  0.85330  0.83267
0.89022  0.85279  0.83128
0.89123  0.85227  0.82989
0.89225  0.85175  0.82850
0.89327  0.85124  0.82711
0.89430  0.85074  0.82572
0.89531  0.85022  0.82432
0.89628  0.84968  0.82292
0.89722  0.84911  0.82151
0.89812  0.84850  0.82008
0.89901  0.84788  0.81865
0.89988  0.84724  0.81722
0.90072  0.84658  0.81577
0.90153  0.84590  0.81431
0.90235  0.84521  0.81286
0.90317  0.84454  0.81141
0.90399  0.84386  0.80995
0.90481  0.84318  0.80851
0.90564  0.84251  0.80706
0.90646  0.84184  0.80560
0.90729  0.84116  0.80415
0.90811  0.84049  0.80270
0.90893  0.83982  0.80125
0.90976  0.83914  0.79980
0.91059  0.83847  0.79835
0.91141  0.83779  0.79690
0.91224  0.83712  0.79545
0.91306  0.83644  0.79400
0.91389  0.83577  0.79255
0.91471  0.83509  0.79109
0.91553  0.83442  0.78964
0.91635  0.83375  0.78819
0.91718  0.83307  0.78675
0.91801  0.83240  0.78530
0.91883  0.83172  0.78385
0.91965  0.83105  0.78239
0.92049  0.83038  0.78094
0.92132  0.82972  0.77949
0.92214  0.82905  0.77804
0.92292  0.82834  0.77658
0.92367  0.82761  0.77511
0.92439  0.82685  0.77364
0.92508  0.82607  0.77217
0.92577  0.82528  0.77068
0.92642  0.82446  0.76919
0.92705  0.82362  0.76769
0.92767  0.82279  0.76619
0.92831  0.82196  0.76470
0.92894  0.82113  0.76320
0.92958  0.82030  0.76171
0.93021  0.81947  0.76022
0.93085  0.81865  0.75873
0.93148  0.81782  0.75724
0.93212  0.81699  0.75574
0.93276  0.81617  0.75425
0.93339  0.81533  0.75275
0.93403  0.81451  0.75126
0.93466  0.81368  0.74976
0.93530  0.81285  0.74827
0.93594  0.81203  0.74677
0.93658  0.81120  0.74528
0.93721  0.81037  0.74378
0.93785  0.80954  0.74229
0.93849  0.80872  0.74079
0.93912  0.80789  0.73931
0.93976  0.80706  0.73780
0.94040  0.80624  0.73631
0.94103  0.80541  0.73482
0.94168  0.80459  0.73332
0.94233  0.80377  0.73183
0.94296  0.80294  0.73034
0.94356  0.80209  0.72883
0.94412  0.80120  0.72733
0.94465  0.80029  0.72583
0.94515  0.79936  0.72431
0.94564  0.79841  0.72279
0.94611  0.79744  0.72126
0.94655  0.79646  0.71974
0.94699  0.79548  0.71821
0.94744  0.79451  0.71668
0.94789  0.79353  0.71516
0.94834  0.79256  0.71364
0.94879  0.79158  0.71211
0.94923  0.79061  0.71059
0.94969  0.78963  0.70907
0.95014  0.78866  0.70754
0.95059  0.78768  0.70602
0.95104  0.78671  0.70449
0.95149  0.78573  0.70297
0.95193  0.78476  0.70145
0.95238  0.78378  0.69992
0.95283  0.78280  0.69840
0.95329  0.78183  0.69687
0.95374  0.78085  0.69535
0.95419  0.77988  0.69381
0.95464  0.77890  0.69230
0.95509  0.77793  0.69076
0.95554  0.77696  0.68925
0.95599  0.77598  0.68773
0.95643  0.77500  0.68621
0.95689  0.77403  0.68468
0.95736  0.77307  0.68316
0.95782  0.77210  0.68163
0.95823  0.77110  0.68010
0.95860  0.77006  0.67857
0.95894  0.76900  0.67704
0.95925  0.76793  0.67550
0.95955  0.76684  0.67396
0.95984  0.76575  0.67242
0.96010  0.76463  0.67088
0.96035  0.76350  0.66934
0.96061  0.76238  0.66780
0.96087  0.76127  0.66625
0.96114  0.76015  0.66471
0.96140  0.75904  0.66318
0.96166  0.75792  0.66163
0.96193  0.75681  0.66009
0.96220  0.75570  0.65855
0.96247  0.75459  0.65702
0.96273  0.75347  0.65547
0.96300  0.75235  0.65393
0.96326  0.75125  0.65239
0.96352  0.75013  0.65085
0.96379  0.74901  0.64931
0.96405  0.74790  0.64777
0.96432  0.74678  0.64623
0.96459  0.74566  0.64469
0.96486  0.74454  0.64315
0.96512  0.74343  0.64161
0.96538  0.74232  0.64007
0.96565  0.74119  0.63853
0.96591  0.74009  0.63699
0.96619  0.73898  0.63544
0.96647  0.73787  0.63391
0.96674  0.73677  0.63236
0.96697  0.73563  0.63083
0.96715  0.73446  0.62928
0.96730  0.73326  0.62774
0.96743  0.73205  0.62619
0.96754  0.73082  0.62465
0.96764  0.72959  0.62311
0.96772  0.72834  0.62156
0.96779  0.72708  0.62002
0.96787  0.72584  0.61847
0.96795  0.72459  0.61693
0.96804  0.72333  0.61538
0.96812  0.72209  0.61383
0.96820  0.72084  0.61229
0.96828  0.71960  0.61075
0.96836  0.71834  0.60921
0.96845  0.71710  0.60767
0.96853  0.71585  0.60612
0.96861  0.71460  0.60458
0.96869  0.71336  0.60303
0.96878  0.71211  0.60148
0.96886  0.71087  0.59994
0.96894  0.70962  0.59838
0.96902  0.70838  0.59685
0.96910  0.70713  0.59530
0.96919  0.70588  0.59375
0.96927  0.70463  0.59222
0.96935  0.70339  0.59067
0.96943  0.70213  0.58912
0.96952  0.70089  0.58758
0.96961  0.69964  0.58605
0.96971  0.69841  0.58449
0.96980  0.69717  0.58294
0.96985  0.69591  0.58140
0.96985  0.69460  0.57987
0.96981  0.69328  0.57832
0.96975  0.69193  0.57679
0.96968  0.69057  0.57525
0.96960  0.68922  0.57371
0.96951  0.68785  0.57218
0.96940  0.68647  0.57064
0.96930  0.68509  0.56911
0.96920  0.68372  0.56757
0.96910  0.68235  0.56603
0.96900  0.68098  0.56449
0.96890  0.67961  0.56295
0.96880  0.67824  0.56141
0.96870  0.67687  0.55988
0.96861  0.67550  0.55834
0.96851  0.67413  0.55682
0.96841  0.67276  0.55527
0.96832  0.67138  0.55374
0.96822  0.67002  0.55221
0.96812  0.66864  0.55067
0.96802  0.66727  0.54914
0.96792  0.66589  0.54759
0.96782  0.66451  0.54606
0.96772  0.66315  0.54452
0.96762  0.66178  0.54298
0.96753  0.66040  0.54144
0.96743  0.65903  0.53990
0.96733  0.65766  0.53838
0.96724  0.65630  0.53684
0.96716  0.65493  0.53529
0.96707  0.65357  0.53376
0.96694  0.65218  0.53223
0.96677  0.65076  0.53071
0.96655  0.64932  0.52919
0.96631  0.64784  0.52766
0.96606  0.64637  0.52614
0.96580  0.64489  0.52462
0.96553  0.64340  0.52311
0.96524  0.64191  0.52159
0.96496  0.64042  0.52008
0.96468  0.63893  0.51857
0.96441  0.63744  0.51705
0.96414  0.63595  0.51552
0.96386  0.63447  0.51401
0.96359  0.63298  0.51248
0.96331  0.63149  0.51097
0.96303  0.63000  0.50946
0.96276  0.62852  0.50795
0.96248  0.62703  0.50642
0.96221  0.62554  0.50490
0.96193  0.62406  0.50338
0.96166  0.62257  0.50187
0.96138  0.62108  0.50035
0.96111  0.61960  0.49884
0.96083  0.61810  0.49733
0.96055  0.61661  0.49581
0.96027  0.61512  0.49430
0.96000  0.61363  0.49277
0.95972  0.61215  0.49127
0.95944  0.61066  0.48974
0.95918  0.60918  0.48823
0.95892  0.60770  0.48671
0.95866  0.60621  0.48518
0.95836  0.60471  0.48367
0.95801  0.60318  0.48218
0.95761  0.60161  0.48067
0.95719  0.60003  0.47918
0.95676  0.59844  0.47769
0.95633  0.59686  0.47620
0.95588  0.59526  0.47472
0.95543  0.59365  0.47321
0.95497  0.59206  0.47174
0.95452  0.59045  0.47026
0.95407  0.58885  0.46877
0.95363  0.58725  0.46729
0.95318  0.58566  0.46579
0.95273  0.58406  0.46432
0.95228  0.58246  0.46281
0.95183  0.58087  0.46133
0.95138  0.57927  0.45984
0.95093  0.57767  0.45835
0.95049  0.57608  0.45687
0.95004  0.57447  0.45539
0.94959  0.57288  0.45390
0.94914  0.57128  0.45242
0.94869  0.56968  0.45093
0.94824  0.56809  0.44945
0.94779  0.56649  0.44795
0.94734  0.56488  0.44647
0.94689  0.56329  0.44498
0.94644  0.56169  0.44349
0.94600  0.56009  0.44201
0.94556  0.55848  0.44050
0.94513  0.55691  0.43901
0.94469  0.55531  0.43753
0.94422  0.55371  0.43605
0.94370  0.55207  0.43458
0.94314  0.55039  0.43312
0.94255  0.54871  0.43168
0.94194  0.54700  0.43022
0.94134  0.54531  0.42877
0.94072  0.54361  0.42733
0.94010  0.54190  0.42588
0.93948  0.54020  0.42443
0.93886  0.53851  0.42298
0.93824  0.53681  0.42153
0.93763  0.53509  0.42009
0.93701  0.53338  0.41863
0.93640  0.53169  0.41720
0.93578  0.52998  0.41574
0.93517  0.52828  0.41429
0.93455  0.52659  0.41285
0.93393  0.52488  0.41140
0.93331  0.52318  0.40996
0.93269  0.52147  0.40850
0.93208  0.51976  0.40706
0.93146  0.51807  0.40561
0.93085  0.51635  0.40415
0.93023  0.51466  0.40270
0.92961  0.51295  0.40126
0.92900  0.51125  0.39980
0.92838  0.50955  0.39837
0.92776  0.50786  0.39692
0.92714  0.50614  0.39549
0.92653  0.50446  0.39403
0.92594  0.50275  0.39258
0.92533  0.50106  0.39113
0.92470  0.49933  0.38967
0.92402  0.49760  0.38825
0.92329  0.49581  0.38683
0.92253  0.49402  0.38543
0.92176  0.49221  0.38403
0.92098  0.49042  0.38263
0.92021  0.48862  0.38124
0.91942  0.48681  0.37983
0.91864  0.48500  0.37843
0.91786  0.48319  0.37704
0.91709  0.48139  0.37564
0.91630  0.47959  0.37425
0.91552  0.47778  0.37284
0.91475  0.47598  0.37144
0.91397  0.47416  0.37003
0.91319  0.47236  0.36864
0.91241  0.47055  0.36722
0.91163  0.46874  0.36583
0.91085  0.46694  0.36443
0.91008  0.46513  0.36304
0.90929  0.46332  0.36165
0.90852  0.46152  0.36024
0.90774  0.45971  0.35884
0.90695  0.45790  0.35745
0.90617  0.45610  0.35604
0.90540  0.45430  0.35464
0.90461  0.45250  0.35324
0.90384  0.45069  0.35183
0.90306  0.44889  0.35045
0.90229  0.44707  0.34905
0.90152  0.44528  0.34765
0.90076  0.44349  0.34623
0.89997  0.44168  0.34485
0.89913  0.43982  0.34348
0.89823  0.43794  0.34212
0.89731  0.43603  0.34076
0.89638  0.43410  0.33942
0.89546  0.43220  0.33805
0.89453  0.43028  0.33671
0.89359  0.42837  0.33538
0.89266  0.42644  0.33403
0.89172  0.42453  0.33269
0.89079  0.42261  0.33133
0.88985  0.42069  0.33001
0.88892  0.41878  0.32867
0.88798  0.41687  0.32731
0.88705  0.41495  0.32596
0.88611  0.41304  0.32462
0.88518  0.41112  0.32328
0.88425  0.40920  0.32193
0.88331  0.40729  0.32060
0.88238  0.40538  0.31925
0.88145  0.40347  0.31791
0.88051  0.40155  0.31657
0.87958  0.39962  0.31522
0.87865  0.39772  0.31389
0.87771  0.39581  0.31253
0.87678  0.39388  0.31120
0.87584  0.39197  0.30985
0.87491  0.39005  0.30850
0.87397  0.38814  0.30714
0.87304  0.38622  0.30581
0.87213  0.38432  0.30445
0.87121  0.38241  0.30310
0.87027  0.38049  0.30176
0.86928  0.37853  0.30045
0.86824  0.37653  0.29916
0.86716  0.37449  0.29786
0.86608  0.37243  0.29660
0.86500  0.37039  0.29530
0.86392  0.36835  0.29402
0.86284  0.36631  0.29274
0.86175  0.36425  0.29147
0.86067  0.36220  0.29018
0.85959  0.36014  0.28891
0.85851  0.35810  0.28762
0.85743  0.35605  0.28633
0.85635  0.35399  0.28505
0.85527  0.35194  0.28378
0.85418  0.34991  0.28252
0.85310  0.34787  0.28121
0.85202  0.34581  0.27994
0.85094  0.34377  0.27866
0.84986  0.34173  0.27737
0.84878  0.33969  0.27610
0.84770  0.33764  0.27479
0.84661  0.33559  0.27352
0.84553  0.33354  0.27221
0.84445  0.33148  0.27095
0.84337  0.32945  0.26967
0.84229  0.32739  0.26838
0.84121  0.32534  0.26709
0.84013  0.32331  0.26584
0.83904  0.32126  0.26455
0.83798  0.31923  0.26327
0.83692  0.31720  0.26197
0.83584  0.31514  0.26068
0.83471  0.31303  0.25943
0.83352  0.31086  0.25817
0.83231  0.30862  0.25697
0.83108  0.30638  0.25575
0.82986  0.30412  0.25456
0.82864  0.30188  0.25335
0.82742  0.29966  0.25215
0.82620  0.29742  0.25095
0.82497  0.29517  0.24972
0.82376  0.29293  0.24854
0.82254  0.29069  0.24731
0.82132  0.28846  0.24608
0.82010  0.28621  0.24486
0.81888  0.28397  0.24365
0.81766  0.28174  0.24244
0.81644  0.27950  0.24124
0.81522  0.27725  0.24001
0.81400  0.27501  0.23879
0.81278  0.27276  0.23760
0.81157  0.27054  0.23637
0.81035  0.26828  0.23516
0.80913  0.26606  0.23393
0.80791  0.26382  0.23272
0.80669  0.26157  0.23154
0.80546  0.25934  0.23030
0.80425  0.25710  0.22910
0.80302  0.25487  0.22789
0.80180  0.25262  0.22667
0.80059  0.25037  0.22545
0.79939  0.24820  0.22421
0.79818  0.24598  0.22302
0.79696  0.24373  0.22178
0.79570  0.24139  0.22060
0.79439  0.23886  0.21942
0.79304  0.23625  0.21828
0.79168  0.23355  0.21716
0.79032  0.23093  0.21604
0.78898  0.22831  0.21487
0.78762  0.22567  0.21374
0.78628  0.22304  0.21260
0.78493  0.22042  0.21148
0.78358  0.21778  0.21033
0.78224  0.21514  0.20919
0.78089  0.21253  0.20805
0.77954  0.20991  0.20693
0.77820  0.20730  0.20579
0.77685  0.20467  0.20466
0.77550  0.20202  0.20352
0.77415  0.19939  0.20237
0.77280  0.19680  0.20122
0.77146  0.19416  0.20009
0.77011  0.19149  0.19895
0.76876  0.18887  0.19782
0.76741  0.18624  0.19671
0.76606  0.18360  0.19554
0.76471  0.18096  0.19443
0.76336  0.17837  0.19326
0.76201  0.17571  0.19211
0.76066  0.17310  0.19097
0.75931  0.17049  0.18983
0.75797  0.16785  0.18871
0.75664  0.16532  0.18761
0.75533  0.16292  0.18647
0.75398  0.16027  0.18535
0.75256  0.15727  0.18415
0.75112  0.15347  0.18301
0.74965  0.14900  0.18196
0.74819  0.14426  0.18094
0.74672  0.13965  0.17991
0.74525  0.13528  0.17887
0.74379  0.13086  0.17783
0.74233  0.12639  0.17674
0.74086  0.12193  0.17567
0.73940  0.11753  0.17463
0.73792  0.11314  0.17356
0.73646  0.10863  0.17249
0.73499  0.10422  0.17143
0.73352  0.09980  0.17037
0.73207  0.09537  0.16933
0.73060  0.09090  0.16823
0.72913  0.08645  0.16719
0.72766  0.08208  0.16610
0.72621  0.07749  0.16504
0.72475  0.07311  0.16403
0.72327  0.06873  0.16295
0.72179  0.06429  0.16190
0.72034  0.05989  0.16082
0.71887  0.05537  0.15975
0.71739  0.05102  0.15872
0.71591  0.04680  0.15762
0.71444  0.04245  0.15660
0.71299  0.03800  0.15554
0.71153  0.03329  0.15447
0.71006  0.02879  0.15340
0.70860  0.02433  0.15233
0.70714  0.01992  0.15128
0.70567  0.01556  0.15023
