256
0.22981  0.29872  0.75368
0.23438  0.30554  0.75968
0.23895  0.31237  0.76568
0.24352  0.31919  0.77167
0.24809  0.32601  0.77767
0.25266  0.33284  0.78367
0.25723  0.33966  0.78966
0.26181  0.34648  0.79566
0.26638  0.35330  0.80164
0.27110  0.36001  0.80710
0.27583  0.36672  0.81255
0.28055  0.37342  0.81801
0.28527  0.38013  0.82347
0.29000  0.38684  0.82893
0.29472  0.39354  0.83438
0.29944  0.40025  0.83984
0.30417  0.40694  0.84526
0.30906  0.41350  0.85013
0.31395  0.42005  0.85499
0.31883  0.42661  0.85986
0.32372  0.43316  0.86472
0.32860  0.43971  0.86959
0.33349  0.44627  0.87445
0.33838  0.45282  0.87932
0.34328  0.45935  0.88412
0.34832  0.46571  0.88835
0.35337  0.47207  0.89257
0.35841  0.47843  0.89679
0.36346  0.48478  0.90102
0.36851  0.49114  0.90524
0.37355  0.49750  0.90947
0.37860  0.50386  0.91369
0.38366  0.51018  0.91783
0.38885  0.51630  0.92137
0.39404  0.52241  0.92492
0.39923  0.52853  0.92846
0.40442  0.53464  0.93200
0.40961  0.54076  0.93554
0.41480  0.54687  0.93909
0.41999  0.55299  0.94263
0.42520  0.55906  0.94606
0.43051  0.56488  0.94889
0.43581  0.57071  0.95172
0.44112  0.57653  0.95455
0.44643  0.58236  0.95737
0.45174  0.58818  0.96020
0.45705  0.59401  0.96303
0.46235  0.59983  0.96586
0.46768  0.60559  0.96855
0.47307  0.61108  0.97063
0.47846  0.61656  0.97272
0.48385  0.62205  0.97481
0.48925  0.62754  0.97690
0.49464  0.63302  0.97898
0.50003  0.63851  0.98107
0.50542  0.64399  0.98316
0.51082  0.64940  0.98508
0.51626  0.65450  0.98641
0.52170  0.65960  0.98774
0.52713  0.66470  0.98906
0.53257  0.66980  0.99039
0.53800  0.67490  0.99172
0.54344  0.68000  0.99305
0.54888  0.68510  0.99438
0.55431  0.69010  0.99552
0.55975  0.69477  0.99608
0.56518  0.69944  0.99664
0.57062  0.70411  0.99719
0.57605  0.70878  0.99775
0.58149  0.71345  0.99831
0.58692  0.71812  0.99887
0.59236  0.72279  0.99943
0.59778  0.72733  0.99978
0.60316  0.73153  0.99957
0.60855  0.73573  0.99935
0.61393  0.73992  0.99914
0.61932  0.74412  0.99893
0.62470  0.74832  0.99872
0.63009  0.75252  0.99851
0.63547  0.75671  0.99830
0.64083  0.76075  0.99785
0.64611  0.76444  0.99687
0.65140  0.76812  0.99589
0.65668  0.77181  0.99491
0.66197  0.77549  0.99394
0.66725  0.77918  0.99296
0.67254  0.78286  0.99198
0.67782  0.78655  0.99100
0.68306  0.79004  0.98977
0.68819  0.79318  0.98804
0.69332  0.79631  0.98631
0.69845  0.79945  0.98458
0.70359  0.80259  0.98285
0.70872  0.80572  0.98112
0.71385  0.80886  0.97939
0.71899  0.81199  0.97766
0.72404  0.81491  0.97565
0.72897  0.81746  0.97319
0.73390  0.82002  0.97072
0.73883  0.82257  0.96826
0.74375  0.82513  0.96580
0.74868  0.82768  0.96333
0.75361  0.83023  0.96087
0.75854  0.83279  0.95841
0.76336  0.83509  0.95566
0.76803  0.83704  0.95249
0.77271  0.83898  0.94932
0.77738  0.84092  0.94615
0.78205  0.84286  0.94298
0.78672  0.84481  0.93981
0.79139  0.84675  0.93664
0.79606  0.84869  0.93347
0.80060  0.85036  0.93001
0.80496  0.85167  0.92617
0.80933  0.85297  0.92232
0.81369  0.85428  0.91848
0.81806  0.85559  0.91464
0.82242  0.85690  0.91080
0.82678  0.85821  0.90695
0.83115  0.85951  0.90311
0.83534  0.86051  0.89897
0.83935  0.86117  0.89449
0.84336  0.86182  0.89002
0.84736  0.86247  0.88554
0.85137  0.86313  0.88106
0.85538  0.86378  0.87659
0.85939  0.86443  0.87211
0.86339  0.86508  0.86763
0.86743  0.86438  0.86260
0.87149  0.86231  0.85702
0.87556  0.86024  0.85143
0.87962  0.85817  0.84584
0.88369  0.85611  0.84026
0.88775  0.85404  0.83467
0.89182  0.85197  0.82909
0.89588  0.84991  0.82350
0.89954  0.84750  0.81779
0.90285  0.84480  0.81197
0.90615  0.84209  0.80615
0.90946  0.83939  0.80033
0.91277  0.83668  0.79451
0.91607  0.83398  0.78869
0.91938  0.83127  0.78287
0.92268  0.82857  0.77705
0.92556  0.82552  0.77114
0.92812  0.82220  0.76514
0.93067  0.81888  0.75915
0.93322  0.81556  0.75315
0.93577  0.81224  0.74716
0.93833  0.80892  0.74116
0.94088  0.80560  0.73517
0.94343  0.80228  0.72917
0.94554  0.79861  0.72311
0.94735  0.79470  0.71699
0.94915  0.79079  0.71088
0.95096  0.78688  0.70476
0.95276  0.78296  0.69865
0.95457  0.77905  0.69253
0.95637  0.77514  0.68642
0.95818  0.77123  0.68030
0.95952  0.76697  0.67414
0.96058  0.76250  0.66796
0.96164  0.75803  0.66178
0.96271  0.75356  0.65560
0.96377  0.74909  0.64942
0.96484  0.74461  0.64324
0.96590  0.74014  0.63706
0.96696  0.73567  0.63088
0.96754  0.73085  0.62469
0.96787  0.72585  0.61849
0.96820  0.72084  0.61229
0.96853  0.71584  0.60610
0.96886  0.71084  0.59990
0.96919  0.70584  0.59370
0.96952  0.70083  0.58751
0.96985  0.69583  0.58131
0.96968  0.69048  0.57514
0.96929  0.68498  0.56898
0.96889  0.67948  0.56281
0.96850  0.67398  0.55665
0.96811  0.66848  0.55049
0.96771  0.66297  0.54432
0.96732  0.65747  0.53816
0.96692  0.65197  0.53200
0.96602  0.64613  0.52589
0.96491  0.64016  0.51981
0.96381  0.63419  0.51372
0.96270  0.62822  0.50764
0.96160  0.62225  0.50155
0.96049  0.61628  0.49547
0.95938  0.61031  0.48938
0.95828  0.60434  0.48330
0.95665  0.59803  0.47730
0.95485  0.59162  0.47134
0.95305  0.58521  0.46537
0.95125  0.57880  0.45941
0.94945  0.57239  0.45344
0.94765  0.56598  0.44748
0.94585  0.55956  0.44151
0.94405  0.55315  0.43555
0.94173  0.54641  0.42971
0.93925  0.53958  0.42390
0.93678  0.53275  0.41809
0.93431  0.52592  0.41229
0.93183  0.51909  0.40648
0.92936  0.51225  0.40067
0.92688  0.50542  0.39487
0.92441  0.49859  0.38906
0.92141  0.49142  0.38341
0.91828  0.48417  0.37779
0.91516  0.47693  0.37218
0.91203  0.46968  0.36656
0.90891  0.46243  0.36095
0.90578  0.45519  0.35534
0.90266  0.44794  0.34972
0.89953  0.44069  0.34411
0.89588  0.43307  0.33868
0.89214  0.42539  0.33329
0.88839  0.41770  0.32790
0.88464  0.41002  0.32251
0.88090  0.40233  0.31712
0.87715  0.39465  0.31172
0.87340  0.38696  0.30633
0.86966  0.37927  0.30094
0.86539  0.37113  0.29577
0.86105  0.36292  0.29063
0.85672  0.35470  0.28549
0.85238  0.34649  0.28035
0.84804  0.33828  0.27521
0.84370  0.33007  0.27006
0.83936  0.32186  0.26492
0.83503  0.31364  0.25978
0.83019  0.30473  0.25489
0.82529  0.29575  0.25003
0.82040  0.28676  0.24516
0.81551  0.27778  0.24029
0.81062  0.26880  0.23543
0.80572  0.25981  0.23056
0.80083  0.25083  0.22570
0.79594  0.24185  0.22083
0.79056  0.23140  0.21624
0.78515  0.22085  0.21167
0.77975  0.21031  0.20710
0.77434  0.19976  0.20253
0.76893  0.18921  0.19797
0.76352  0.17867  0.19340
0.75811  0.16812  0.18883
0.75270  0.15758  0.18426
0.74684  0.14002  0.18000
0.74096  0.12224  0.17574
0.73508  0.10446  0.17149
0.72920  0.08668  0.16724
0.72332  0.06890  0.16299
0.71743  0.05112  0.15874
0.71155  0.03334  0.15448
0.70567  0.01556  0.15023
