256
0.96726  0.21404  0.10285
0.96657  0.21983  0.09190
0.96633  0.22834  0.08164
0.96652  0.23917  0.07200
0.96710  0.25198  0.06309
0.96804  0.26633  0.05463
0.96927  0.28187  0.04687
0.97077  0.29827  0.03957
0.97247  0.31531  0.03290
0.97433  0.33274  0.02742
0.97630  0.35036  0.02277
0.97835  0.36807  0.01880
0.98044  0.38577  0.01539
0.98254  0.40339  0.01244
0.98463  0.42085  0.00962
0.98667  0.43815  0.00729
0.98867  0.45524  0.00517
0.99061  0.47213  0.00322
0.99248  0.48880  0.00140
0.99427  0.50528  0.00000
0.99598  0.52156  0.00000
0.99761  0.53767  0.00000
0.99914  0.55359  0.00000
1.00000  0.56934  0.00000
1.00000  0.58494  0.00000
1.00000  0.60037  0.00000
1.00000  0.61565  0.00000
1.00000  0.63077  0.00000
1.00000  0.64572  0.00000
1.00000  0.66048  0.00000
1.00000  0.67504  0.00000
1.00000  0.68935  0.00000
1.00000  0.70336  0.00000
1.00000  0.71701  0.00000
1.00000  0.73023  0.00000
1.00000  0.74293  0.00000
0.99701  0.75501  0.00000
0.99313  0.76637  0.00000
0.98833  0.77691  0.00000
0.98256  0.78651  0.00000
0.97574  0.79507  0.00000
0.96785  0.80251  0.00000
0.95886  0.80875  0.00000
0.94877  0.81373  0.00000
0.93761  0.81743  0.00000
0.92543  0.81985  0.00000
0.91229  0.82100  0.00000
0.89826  0.82095  0.00000
0.88344  0.81974  0.00000
0.86793  0.81750  0.00000
0.85180  0.81430  0.00000
0.83517  0.81025  0.00000
0.81812  0.80549  0.00000
0.80073  0.80010  0.00000
0.78306  0.79420  0.00000
0.76518  0.78786  0.00000
0.74713  0.78120  0.00000
0.72895  0.77426  0.00000
0.71067  0.76712  0.00000
0.69231  0.75982  0.00000
0.67387  0.75240  0.00000
0.65537  0.74489  0.00000
0.63682  0.73731  0.00000
0.61821  0.72968  0.00000
0.59952  0.72200  0.00000
0.58077  0.71430  0.00009
0.56197  0.70660  0.00136
0.54309  0.69889  0.00274
0.52413  0.69121  0.00428
0.50511  0.68355  0.00602
0.48603  0.67593  0.00806
0.46689  0.66839  0.01046
0.44770  0.66094  0.01362
0.42851  0.65363  0.01723
0.40933  0.64650  0.02167
0.39021  0.63962  0.02715
0.37122  0.63303  0.03385
0.35244  0.62683  0.04229
0.33395  0.62109  0.05131
0.31583  0.61589  0.06103
0.29817  0.61133  0.07149
0.28114  0.60749  0.08249
0.26486  0.60444  0.09414
0.24945  0.60226  0.10646
0.23509  0.60102  0.11935
0.22182  0.60075  0.13293
0.20988  0.60148  0.14712
0.19934  0.60321  0.16196
0.19034  0.60592  0.17737
0.18291  0.60959  0.19335
0.17711  0.61414  0.20988
0.17287  0.61953  0.22692
0.17015  0.62567  0.24439
0.16879  0.63248  0.26230
0.16861  0.63987  0.28053
0.16945  0.64776  0.29910
0.17103  0.65608  0.31789
0.17321  0.66474  0.33690
0.17578  0.67369  0.35607
0.17862  0.68287  0.37537
0.18147  0.69224  0.39479
0.18433  0.70173  0.41430
0.18705  0.71136  0.43387
0.18954  0.72106  0.45351
0.19176  0.73084  0.47320
0.19369  0.74067  0.49294
0.19522  0.75056  0.51274
0.19644  0.76048  0.53259
0.19720  0.77042  0.55248
0.19751  0.78036  0.57240
0.19739  0.79030  0.59236
0.19681  0.80022  0.61235
0.19573  0.81009  0.63237
0.19423  0.81989  0.65241
0.19220  0.82959  0.67244
0.18974  0.83913  0.69245
0.18683  0.84847  0.71238
0.18350  0.85752  0.73222
0.17980  0.86622  0.75189
0.17577  0.87446  0.77133
0.17154  0.88215  0.79046
0.16720  0.88917  0.80920
0.16285  0.89541  0.82742
0.15866  0.90075  0.84505
0.15479  0.90508  0.86196
0.15145  0.90830  0.87804
0.14880  0.91033  0.89319
0.14700  0.91110  0.90734
0.14614  0.91058  0.92040
0.14627  0.90875  0.93232
0.14740  0.90562  0.94309
0.14944  0.90123  0.95270
0.15222  0.89566  0.96117
0.15567  0.88898  0.96855
0.15952  0.88130  0.97492
0.16369  0.87272  0.98035
0.16789  0.86336  0.98494
0.17206  0.85333  0.98880
0.17603  0.84276  0.99201
0.17975  0.83174  0.99468
0.18308  0.82034  0.99691
0.18603  0.80867  0.99878
0.18848  0.79679  1.00000
0.19041  0.78475  1.00000
0.19184  0.77260  1.00000
0.19274  0.76037  1.00000
0.19310  0.74809  1.00000
0.19290  0.73578  1.00000
0.19214  0.72346  1.00000
0.19086  0.71113  1.00000
0.18909  0.69880  1.00000
0.18679  0.68652  1.00000
0.18401  0.67427  1.00000
0.18079  0.66207  1.00000
0.17723  0.64994  1.00000
0.17333  0.63789  1.00000
0.16932  0.62596  1.00000
0.16523  0.61417  1.00000
0.16146  0.60259  1.00000
0.15814  0.59124  1.00000
0.15570  0.58022  1.00000
0.15450  0.56956  1.00000
0.15501  0.55939  1.00000
0.15757  0.54976  1.00000
0.16255  0.54079  1.00000
0.17005  0.53257  1.00000
0.18013  0.52519  1.00000
0.19269  0.51875  1.00000
0.20747  0.51331  1.00000
0.22414  0.50895  1.00000
0.24245  0.50571  1.00000
0.26202  0.50364  1.00000
0.28258  0.50272  1.00000
0.30381  0.50294  1.00000
0.32553  0.50429  1.00000
0.34755  0.50666  1.00000
0.36963  0.51003  1.00000
0.39169  0.51429  1.00000
0.41358  0.51935  1.00000
0.43525  0.52511  1.00000
0.45659  0.53148  1.00000
0.47760  0.53838  1.00000
0.49823  0.54570  1.00000
0.51845  0.55337  1.00000
0.53827  0.56134  1.00000
0.55770  0.56954  1.00000
0.57675  0.57793  1.00000
0.59542  0.58647  1.00000
0.61374  0.59512  1.00000
0.63175  0.60388  1.00000
0.64945  0.61271  1.00000
0.66687  0.62160  1.00000
0.68404  0.63055  1.00000
0.70098  0.63950  1.00000
0.71770  0.64845  1.00000
0.73421  0.65739  1.00000
0.75055  0.66627  1.00000
0.76671  0.67509  1.00000
0.78273  0.68379  1.00000
0.79860  0.69233  1.00000
0.81433  0.70062  1.00000
0.82990  0.70861  1.00000
0.84530  0.71620  1.00000
0.86052  0.72328  1.00000
0.87550  0.72977  1.00000
0.89021  0.73553  0.99966
0.90458  0.74046  0.99387
0.91855  0.74442  0.98700
0.93205  0.74732  0.97894
0.94498  0.74904  0.96964
0.95728  0.74952  0.95905
0.96886  0.74869  0.94717
0.97965  0.74653  0.93399
0.98960  0.74302  0.91958
0.99865  0.73818  0.90399
1.00000  0.73207  0.88731
1.00000  0.72474  0.86966
1.00000  0.71630  0.85114
1.00000  0.70684  0.83189
1.00000  0.69646  0.81201
1.00000  0.68529  0.79164
1.00000  0.67343  0.77088
1.00000  0.66099  0.74982
1.00000  0.64806  0.72855
1.00000  0.63473  0.70715
1.00000  0.62107  0.68567
1.00000  0.60713  0.66415
1.00000  0.59297  0.64264
1.00000  0.57860  0.62116
1.00000  0.56409  0.59973
1.00000  0.54941  0.57836
1.00000  0.53459  0.55708
1.00000  0.51964  0.53586
1.00000  0.50455  0.51475
1.00000  0.48929  0.49372
1.00000  0.47391  0.47280
1.00000  0.45838  0.45200
1.00000  0.44270  0.43130
1.00000  0.42686  0.41072
1.00000  0.41086  0.39028
1.00000  0.39472  0.37000
1.00000  0.37845  0.34992
1.00000  0.36209  0.33004
1.00000  0.34568  0.31042
1.00000  0.32933  0.29109
0.99872  0.31308  0.27210
0.99487  0.29714  0.25356
0.99105  0.28163  0.23549
0.98733  0.26683  0.21793
0.98375  0.25301  0.20097
0.98037  0.24049  0.18472
0.97725  0.22969  0.16917
0.97445  0.22104  0.15432
0.97202  0.21483  0.14028
0.96999  0.21152  0.12700
0.96840  0.21123  0.11451
