1024
0.96726  0.21404  0.10285
0.96703  0.21520  0.10003
0.96688  0.21658  0.09727
0.96674  0.21811  0.09461
0.96657  0.21981  0.09193
0.96643  0.22166  0.08928
0.96638  0.22371  0.08670
0.96637  0.22593  0.08419
0.96633  0.22828  0.08170
0.96631  0.23077  0.07918
0.96635  0.23340  0.07677
0.96643  0.23621  0.07445
0.96652  0.23906  0.07208
0.96661  0.24207  0.06981
0.96675  0.24521  0.06756
0.96691  0.24851  0.06535
0.96709  0.25183  0.06319
0.96729  0.25524  0.06093
0.96752  0.25878  0.05890
0.96776  0.26242  0.05686
0.96802  0.26611  0.05475
0.96830  0.26987  0.05271
0.96860  0.27372  0.05078
0.96892  0.27763  0.04896
0.96925  0.28158  0.04701
0.96959  0.28558  0.04512
0.96996  0.28966  0.04318
0.97034  0.29378  0.04154
0.97074  0.29793  0.03972
0.97114  0.30211  0.03798
0.97156  0.30637  0.03632
0.97199  0.31063  0.03464
0.97243  0.31490  0.03304
0.97288  0.31921  0.03157
0.97334  0.32354  0.03018
0.97380  0.32790  0.02884
0.97428  0.33228  0.02755
0.97476  0.33664  0.02631
0.97525  0.34103  0.02513
0.97574  0.34543  0.02399
0.97624  0.34984  0.02290
0.97675  0.35424  0.02184
0.97726  0.35865  0.02083
0.97777  0.36308  0.01986
0.97828  0.36749  0.01892
0.97880  0.37191  0.01801
0.97932  0.37634  0.01715
0.97985  0.38076  0.01631
0.98037  0.38515  0.01550
0.98089  0.38955  0.01472
0.98141  0.39395  0.01397
0.98194  0.39834  0.01324
0.98246  0.40271  0.01254
0.98298  0.40708  0.01186
0.98350  0.41145  0.01104
0.98403  0.41580  0.01032
0.98455  0.42014  0.00972
0.98506  0.42447  0.00911
0.98557  0.42879  0.00852
0.98607  0.43310  0.00795
0.98658  0.43740  0.00739
0.98709  0.44167  0.00684
0.98759  0.44593  0.00630
0.98808  0.45020  0.00578
0.98858  0.45445  0.00527
0.98907  0.45867  0.00476
0.98956  0.46288  0.00427
0.99004  0.46710  0.00379
0.99051  0.47129  0.00332
0.99099  0.47547  0.00284
0.99146  0.47964  0.00237
0.99192  0.48378  0.00192
0.99238  0.48793  0.00149
0.99284  0.49206  0.00107
0.99329  0.49617  0.00067
0.99373  0.50028  0.00031
0.99417  0.50438  0.00004
0.99461  0.50846  0.00000
0.99504  0.51252  0.00000
0.99546  0.51657  0.00000
0.99588  0.52061  0.00000
0.99630  0.52465  0.00000
0.99671  0.52867  0.00001
0.99711  0.53268  0.00001
0.99751  0.53669  0.00000
0.99791  0.54067  0.00000
0.99832  0.54465  0.00000
0.99871  0.54862  0.00000
0.99906  0.55257  0.00000
0.99935  0.55651  0.00000
0.99961  0.56045  0.00000
0.99982  0.56438  0.00000
0.99997  0.56829  0.00000
1.00000  0.57219  0.00000
1.00000  0.57609  0.00000
1.00000  0.57998  0.00000
1.00000  0.58384  0.00000
1.00000  0.58770  0.00000
1.00000  0.59157  0.00001
1.00000  0.59541  0.00002
1.00000  0.59925  0.00001
1.00000  0.60307  0.00000
1.00000  0.60689  0.00000
1.00000  0.61070  0.00002
1.00000  0.61449  0.00001
1.00000  0.61828  0.00000
1.00000  0.62205  0.00000
1.00000  0.62582  0.00003
1.00000  0.62957  0.00002
1.00000  0.63332  0.00000
1.00000  0.63706  0.00000
1.00000  0.64079  0.00002
1.00000  0.64450  0.00002
1.00000  0.64820  0.00000
1.00000  0.65189  0.00000
1.00000  0.65557  0.00000
1.00000  0.65923  0.00000
1.00000  0.66289  0.00001
1.00000  0.66652  0.00000
1.00000  0.67016  0.00000
1.00000  0.67377  0.00000
1.00000  0.67737  0.00004
1.00000  0.68094  0.00003
1.00000  0.68451  0.00000
1.00000  0.68806  0.00000
1.00000  0.69158  0.00003
1.00000  0.69510  0.00002
1.00000  0.69859  0.00000
1.00000  0.70205  0.00000
1.00000  0.70550  0.00002
1.00000  0.70893  0.00001
1.00000  0.71233  0.00000
1.00000  0.71571  0.00000
1.00000  0.71905  0.00001
1.00000  0.72237  0.00001
1.00000  0.72567  0.00000
1.00000  0.72893  0.00000
1.00000  0.73217  0.00001
1.00000  0.73536  0.00000
1.00000  0.73853  0.00000
1.00000  0.74165  0.00000
0.99973  0.74473  0.00003
0.99908  0.74779  0.00004
0.99826  0.75081  0.00003
0.99738  0.75377  0.00001
0.99650  0.75668  0.00000
0.99559  0.75956  0.00000
0.99462  0.76239  0.00001
0.99360  0.76518  0.00001
0.99251  0.76790  0.00000
0.99137  0.77058  0.00000
0.99018  0.77321  0.00001
0.98892  0.77578  0.00001
0.98759  0.77828  0.00000
0.98622  0.78074  0.00000
0.98479  0.78313  0.00001
0.98328  0.78547  0.00001
0.98169  0.78772  0.00000
0.98006  0.78992  0.00000
0.97837  0.79207  0.00001
0.97661  0.79414  0.00002
0.97475  0.79611  0.00000
0.97286  0.79804  0.00000
0.97091  0.79992  0.00001
0.96887  0.80169  0.00002
0.96674  0.80337  0.00000
0.96457  0.80501  0.00002
0.96236  0.80659  0.00006
0.96005  0.80807  0.00005
0.95762  0.80943  0.00000
0.95517  0.81074  0.00000
0.95268  0.81200  0.00003
0.95011  0.81318  0.00004
0.94744  0.81424  0.00000
0.94471  0.81523  0.00000
0.94191  0.81615  0.00000
0.93908  0.81701  0.00000
0.93622  0.81780  0.00001
0.93323  0.81848  0.00000
0.93018  0.81907  0.00000
0.92707  0.81959  0.00000
0.92396  0.82007  0.00003
0.92074  0.82043  0.00003
0.91745  0.82070  0.00000
0.91411  0.82091  0.00000
0.91074  0.82107  0.00002
0.90730  0.82113  0.00002
0.90379  0.82111  0.00000
0.90024  0.82102  0.00000
0.89666  0.82088  0.00001
0.89301  0.82065  0.00001
0.88931  0.82034  0.00000
0.88556  0.81997  0.00000
0.88179  0.81955  0.00001
0.87797  0.81906  0.00001
0.87410  0.81850  0.00000
0.87019  0.81788  0.00000
0.86626  0.81721  0.00001
0.86228  0.81648  0.00001
0.85825  0.81568  0.00000
0.85419  0.81482  0.00000
0.85012  0.81392  0.00000
0.84600  0.81297  0.00000
0.84186  0.81196  0.00000
0.83769  0.81090  0.00000
0.83349  0.80981  0.00000
0.82927  0.80867  0.00000
0.82501  0.80749  0.00000
0.82074  0.80626  0.00000
0.81646  0.80500  0.00000
0.81214  0.80369  0.00000
0.80781  0.80235  0.00000
0.80345  0.80097  0.00000
0.79909  0.79957  0.00000
0.79470  0.79813  0.00000
0.79029  0.79666  0.00000
0.78588  0.79516  0.00000
0.78145  0.79364  0.00000
0.77700  0.79209  0.00000
0.77254  0.79051  0.00000
0.76807  0.78891  0.00000
0.76359  0.78729  0.00000
0.75911  0.78565  0.00000
0.75461  0.78399  0.00000
0.75010  0.78231  0.00000
0.74559  0.78062  0.00000
0.74106  0.77891  0.00000
0.73653  0.77718  0.00000
0.73200  0.77544  0.00000
0.72745  0.77368  0.00000
0.72290  0.77192  0.00000
0.71834  0.77014  0.00000
0.71378  0.76835  0.00000
0.70922  0.76655  0.00000
0.70464  0.76474  0.00000
0.70007  0.76292  0.00000
0.69549  0.76110  0.00000
0.69090  0.75926  0.00000
0.68631  0.75742  0.00000
0.68171  0.75557  0.00000
0.67712  0.75371  0.00000
0.67252  0.75186  0.00000
0.66791  0.74999  0.00000
0.66330  0.74812  0.00000
0.65868  0.74624  0.00000
0.65407  0.74436  0.00000
0.64945  0.74248  0.00000
0.64482  0.74058  0.00000
0.64020  0.73869  0.00000
0.63556  0.73680  0.00000
0.63093  0.73490  0.00000
0.62629  0.73300  0.00000
0.62165  0.73109  0.00000
0.61701  0.72918  0.00000
0.61235  0.72727  0.00000
0.60770  0.72537  0.00000
0.60303  0.72344  0.00000
0.59836  0.72153  0.00000
0.59370  0.71961  0.00000
0.58902  0.71770  0.00000
0.58435  0.71578  0.00000
0.57967  0.71385  0.00013
0.57498  0.71193  0.00039
0.57029  0.71001  0.00073
0.56560  0.70809  0.00109
0.56091  0.70617  0.00143
0.55621  0.70424  0.00177
0.55151  0.70232  0.00211
0.54680  0.70041  0.00246
0.54209  0.69848  0.00282
0.53737  0.69657  0.00318
0.53265  0.69465  0.00357
0.52791  0.69275  0.00396
0.52319  0.69083  0.00436
0.51845  0.68892  0.00477
0.51371  0.68701  0.00520
0.50897  0.68510  0.00565
0.50423  0.68319  0.00611
0.49946  0.68128  0.00659
0.49472  0.67938  0.00709
0.48995  0.67749  0.00761
0.48519  0.67560  0.00816
0.48042  0.67371  0.00872
0.47566  0.67183  0.00932
0.47088  0.66995  0.00993
0.46609  0.66808  0.01057
0.46132  0.66621  0.01141
0.45654  0.66435  0.01222
0.45176  0.66251  0.01294
0.44698  0.66066  0.01375
0.44220  0.65882  0.01458
0.43741  0.65700  0.01546
0.43262  0.65518  0.01639
0.42784  0.65337  0.01737
0.42304  0.65159  0.01840
0.41826  0.64980  0.01948
0.41349  0.64802  0.02062
0.40871  0.64627  0.02183
0.40394  0.64453  0.02310
0.39916  0.64281  0.02444
0.39441  0.64110  0.02584
0.38965  0.63942  0.02733
0.38491  0.63775  0.02889
0.38017  0.63610  0.03052
0.37544  0.63447  0.03224
0.37072  0.63286  0.03405
0.36603  0.63128  0.03619
0.36133  0.62972  0.03820
0.35666  0.62819  0.04031
0.35200  0.62669  0.04247
0.34738  0.62522  0.04471
0.34275  0.62378  0.04694
0.33813  0.62235  0.04927
0.33357  0.62098  0.05150
0.32903  0.61964  0.05386
0.32447  0.61832  0.05634
0.31998  0.61704  0.05876
0.31551  0.61580  0.06119
0.31107  0.61461  0.06379
0.30665  0.61344  0.06634
0.30225  0.61233  0.06902
0.29792  0.61127  0.07164
0.29362  0.61024  0.07431
0.28936  0.60926  0.07697
0.28511  0.60833  0.07976
0.28094  0.60745  0.08261
0.27684  0.60662  0.08541
0.27273  0.60581  0.08834
0.26871  0.60508  0.09128
0.26472  0.60442  0.09425
0.26081  0.60380  0.09723
0.25693  0.60322  0.10026
0.25311  0.60269  0.10338
0.24937  0.60225  0.10654
0.24568  0.60186  0.10972
0.24206  0.60151  0.11289
0.23848  0.60121  0.11611
0.23505  0.60102  0.11939
0.23166  0.60088  0.12270
0.22830  0.60077  0.12611
0.22498  0.60071  0.12947
0.22182  0.60075  0.13293
0.21876  0.60086  0.13641
0.21575  0.60102  0.13993
0.21279  0.60123  0.14352
0.20991  0.60148  0.14708
0.20715  0.60181  0.15070
0.20451  0.60222  0.15439
0.20192  0.60270  0.15814
0.19940  0.60320  0.16187
0.19701  0.60376  0.16558
0.19473  0.60442  0.16947
0.19253  0.60514  0.17332
0.19041  0.60589  0.17723
0.18841  0.60671  0.18111
0.18650  0.60760  0.18513
0.18473  0.60856  0.18913
0.18299  0.60954  0.19316
0.18136  0.61058  0.19722
0.17988  0.61170  0.20131
0.17851  0.61286  0.20547
0.17719  0.61407  0.20963
0.17593  0.61532  0.21383
0.17487  0.61665  0.21807
0.17386  0.61801  0.22232
0.17293  0.61943  0.22662
0.17210  0.62088  0.23092
0.17137  0.62239  0.23529
0.17075  0.62395  0.23965
0.17019  0.62554  0.24403
0.16973  0.62717  0.24848
0.16935  0.62885  0.25291
0.16905  0.63057  0.25739
0.16881  0.63231  0.26188
0.16864  0.63410  0.26639
0.16856  0.63592  0.27093
0.16855  0.63778  0.27550
0.16860  0.63967  0.28006
0.16871  0.64158  0.28464
0.16890  0.64353  0.28927
0.16914  0.64552  0.29389
0.16942  0.64752  0.29854
0.16973  0.64956  0.30319
0.17010  0.65162  0.30787
0.17052  0.65370  0.31257
0.17097  0.65581  0.31728
0.17145  0.65793  0.32200
0.17198  0.66008  0.32672
0.17254  0.66225  0.33147
0.17313  0.66443  0.33622
0.17373  0.66663  0.34099
0.17438  0.66886  0.34575
0.17504  0.67109  0.35055
0.17568  0.67335  0.35534
0.17635  0.67561  0.36012
0.17708  0.67789  0.36494
0.17781  0.68018  0.36975
0.17851  0.68249  0.37459
0.17920  0.68480  0.37941
0.17991  0.68713  0.38424
0.18063  0.68948  0.38909
0.18134  0.69182  0.39393
0.18206  0.69417  0.39879
0.18277  0.69654  0.40365
0.18349  0.69890  0.40851
0.18420  0.70128  0.41339
0.18490  0.70367  0.41825
0.18560  0.70607  0.42313
0.18626  0.70847  0.42802
0.18692  0.71088  0.43290
0.18759  0.71328  0.43780
0.18822  0.71571  0.44269
0.18882  0.71812  0.44757
0.18942  0.72055  0.45248
0.19000  0.72298  0.45737
0.19056  0.72542  0.46228
0.19111  0.72785  0.46720
0.19164  0.73030  0.47212
0.19216  0.73274  0.47702
0.19265  0.73519  0.48195
0.19313  0.73764  0.48687
0.19359  0.74010  0.49180
0.19402  0.74256  0.49671
0.19443  0.74501  0.50165
0.19480  0.74748  0.50658
0.19514  0.74994  0.51152
0.19547  0.75241  0.51646
0.19579  0.75489  0.52140
0.19610  0.75736  0.52636
0.19637  0.75984  0.53130
0.19662  0.76231  0.53626
0.19683  0.76479  0.54121
0.19701  0.76727  0.54618
0.19716  0.76975  0.55114
0.19729  0.77223  0.55609
0.19739  0.77470  0.56106
0.19746  0.77719  0.56602
0.19750  0.77966  0.57099
0.19752  0.78214  0.57597
0.19751  0.78462  0.58093
0.19748  0.78710  0.58592
0.19742  0.78957  0.59089
0.19732  0.79205  0.59587
0.19720  0.79452  0.60085
0.19705  0.79699  0.60584
0.19687  0.79947  0.61083
0.19666  0.80193  0.61581
0.19642  0.80440  0.62081
0.19614  0.80686  0.62579
0.19583  0.80932  0.63079
0.19550  0.81177  0.63578
0.19515  0.81421  0.64077
0.19478  0.81666  0.64577
0.19437  0.81909  0.65077
0.19392  0.82152  0.65576
0.19343  0.82394  0.66075
0.19293  0.82636  0.66574
0.19239  0.82877  0.67074
0.19182  0.83117  0.67572
0.19123  0.83356  0.68071
0.19062  0.83593  0.68570
0.18997  0.83830  0.69068
0.18930  0.84065  0.69567
0.18861  0.84299  0.70064
0.18790  0.84532  0.70561
0.18712  0.84763  0.71058
0.18634  0.84993  0.71554
0.18555  0.85220  0.72048
0.18470  0.85445  0.72543
0.18383  0.85669  0.73036
0.18294  0.85890  0.73529
0.18204  0.86109  0.74020
0.18111  0.86326  0.74510
0.18017  0.86540  0.74999
0.17921  0.86751  0.75487
0.17825  0.86959  0.75973
0.17724  0.87165  0.76458
0.17618  0.87366  0.76940
0.17517  0.87565  0.77420
0.17412  0.87760  0.77900
0.17306  0.87952  0.78377
0.17198  0.88139  0.78852
0.17091  0.88322  0.79324
0.16984  0.88501  0.79793
0.16875  0.88677  0.80260
0.16765  0.88847  0.80725
0.16656  0.89011  0.81185
0.16544  0.89172  0.81643
0.16441  0.89328  0.82097
0.16333  0.89478  0.82547
0.16224  0.89621  0.82994
0.16119  0.89761  0.83438
0.16011  0.89894  0.83877
0.15911  0.90021  0.84312
0.15808  0.90140  0.84742
0.15709  0.90255  0.85168
0.15619  0.90364  0.85591
0.15523  0.90464  0.86007
0.15428  0.90557  0.86417
0.15342  0.90645  0.86824
0.15262  0.90726  0.87226
0.15183  0.90799  0.87621
0.15104  0.90863  0.88008
0.15036  0.90921  0.88393
0.14977  0.90974  0.88772
0.14913  0.91017  0.89144
0.14848  0.91049  0.89506
0.14802  0.91077  0.89866
0.14765  0.91099  0.90222
0.14725  0.91110  0.90568
0.14676  0.91108  0.90902
0.14646  0.91102  0.91233
0.14629  0.91091  0.91560
0.14619  0.91071  0.91881
0.14609  0.91042  0.92193
0.14602  0.91003  0.92495
0.14602  0.90956  0.92791
0.14614  0.90903  0.93082
0.14640  0.90847  0.93370
0.14661  0.90777  0.93646
0.14684  0.90696  0.93912
0.14716  0.90609  0.94172
0.14763  0.90518  0.94429
0.14807  0.90417  0.94676
0.14852  0.90306  0.94914
0.14908  0.90188  0.95146
0.14975  0.90066  0.95374
0.15039  0.89935  0.95592
0.15106  0.89795  0.95802
0.15179  0.89649  0.96006
0.15258  0.89498  0.96205
0.15341  0.89338  0.96396
0.15426  0.89171  0.96579
0.15515  0.88997  0.96757
0.15608  0.88820  0.96929
0.15701  0.88635  0.97095
0.15800  0.88443  0.97253
0.15898  0.88245  0.97406
0.15992  0.88044  0.97554
0.16099  0.87836  0.97696
0.16206  0.87621  0.97830
0.16310  0.87402  0.97960
0.16410  0.87180  0.98086
0.16513  0.86951  0.98206
0.16626  0.86717  0.98319
0.16734  0.86480  0.98429
0.16827  0.86239  0.98536
0.16939  0.85993  0.98637
0.17050  0.85743  0.98732
0.17154  0.85490  0.98824
0.17237  0.85234  0.98915
0.17331  0.84974  0.99000
0.17437  0.84710  0.99079
0.17542  0.84443  0.99155
0.17639  0.84174  0.99228
0.17729  0.83903  0.99300
0.17814  0.83628  0.99367
0.17906  0.83351  0.99430
0.18015  0.83071  0.99489
0.18104  0.82789  0.99547
0.18176  0.82506  0.99604
0.18251  0.82220  0.99658
0.18341  0.81932  0.99708
0.18421  0.81643  0.99758
0.18490  0.81352  0.99807
0.18557  0.81060  0.99852
0.18627  0.80767  0.99891
0.18691  0.80472  0.99928
0.18752  0.80176  0.99962
0.18810  0.79879  0.99988
0.18867  0.79581  1.00000
0.18917  0.79282  1.00000
0.18962  0.78982  1.00000
0.19007  0.78681  1.00000
0.19057  0.78379  0.99999
0.19098  0.78077  0.99999
0.19130  0.77774  1.00000
0.19161  0.77471  1.00000
0.19195  0.77167  1.00000
0.19222  0.76862  0.99999
0.19242  0.76558  1.00000
0.19260  0.76252  1.00000
0.19280  0.75947  1.00000
0.19294  0.75641  1.00000
0.19301  0.75335  1.00000
0.19306  0.75029  1.00000
0.19311  0.74722  1.00000
0.19311  0.74416  1.00000
0.19305  0.74109  1.00000
0.19297  0.73802  1.00000
0.19287  0.73496  1.00000
0.19273  0.73188  1.00000
0.19254  0.72881  1.00000
0.19231  0.72574  1.00000
0.19208  0.72266  1.00000
0.19180  0.71960  1.00000
0.19148  0.71652  1.00000
0.19113  0.71344  1.00000
0.19077  0.71037  1.00000
0.19037  0.70729  1.00000
0.18993  0.70422  1.00000
0.18946  0.70115  1.00000
0.18897  0.69808  1.00000
0.18845  0.69502  1.00000
0.18790  0.69196  1.00000
0.18729  0.68890  1.00000
0.18665  0.68584  1.00000
0.18602  0.68278  1.00000
0.18533  0.67972  1.00000
0.18460  0.67668  1.00000
0.18385  0.67363  1.00000
0.18308  0.67058  1.00000
0.18228  0.66754  1.00000
0.18146  0.66449  1.00000
0.18062  0.66146  1.00000
0.17976  0.65843  1.00000
0.17889  0.65540  1.00000
0.17800  0.65238  1.00000
0.17705  0.64938  1.00000
0.17607  0.64636  1.00000
0.17514  0.64335  1.00000
0.17415  0.64036  1.00000
0.17315  0.63736  1.00000
0.17215  0.63438  1.00000
0.17115  0.63140  1.00000
0.17015  0.62844  1.00000
0.16915  0.62547  1.00000
0.16810  0.62252  1.00000
0.16712  0.61959  1.00000
0.16609  0.61665  1.00000
0.16508  0.61372  1.00000
0.16415  0.61083  1.00000
0.16317  0.60794  1.00000
0.16223  0.60505  1.00000
0.16133  0.60219  1.00000
0.16040  0.59934  1.00000
0.15956  0.59650  1.00000
0.15880  0.59368  1.00000
0.15804  0.59088  1.00000
0.15733  0.58810  1.00000
0.15671  0.58535  1.00000
0.15615  0.58261  1.00000
0.15564  0.57990  1.00000
0.15522  0.57721  1.00000
0.15487  0.57453  1.00000
0.15462  0.57190  1.00000
0.15449  0.56929  1.00000
0.15446  0.56672  1.00000
0.15453  0.56416  1.00000
0.15471  0.56164  1.00000
0.15505  0.55916  1.00000
0.15551  0.55671  1.00000
0.15609  0.55429  1.00000
0.15679  0.55191  1.00000
0.15765  0.54957  1.00000
0.15870  0.54727  1.00000
0.15981  0.54502  1.00000
0.16116  0.54280  1.00000
0.16266  0.54064  1.00000
0.16432  0.53853  1.00000
0.16606  0.53645  1.00000
0.16801  0.53441  1.00000
0.17018  0.53246  1.00000
0.17247  0.53054  1.00000
0.17491  0.52867  1.00000
0.17750  0.52686  1.00000
0.18027  0.52511  1.00000
0.18320  0.52342  1.00000
0.18624  0.52177  1.00000
0.18942  0.52019  1.00000
0.19281  0.51870  1.00000
0.19635  0.51726  1.00000
0.19988  0.51584  1.00000
0.20363  0.51452  0.99999
0.20756  0.51328  1.00000
0.21160  0.51210  1.00000
0.21563  0.51096  0.99999
0.21981  0.50989  0.99999
0.22419  0.50894  1.00000
0.22872  0.50806  1.00000
0.23316  0.50721  1.00000
0.23774  0.50641  1.00000
0.24245  0.50571  1.00000
0.24729  0.50511  1.00000
0.25213  0.50458  1.00000
0.25701  0.50409  1.00000
0.26196  0.50364  1.00000
0.26701  0.50328  0.99994
0.27213  0.50303  0.99996
0.27731  0.50286  1.00000
0.28246  0.50272  1.00000
0.28764  0.50265  0.99998
0.29297  0.50268  0.99997
0.29833  0.50279  0.99998
0.30362  0.50293  1.00000
0.30896  0.50315  1.00000
0.31438  0.50345  1.00000
0.31987  0.50384  1.00000
0.32528  0.50427  1.00000
0.33071  0.50475  1.00000
0.33621  0.50530  1.00000
0.34174  0.50593  1.00000
0.34723  0.50662  1.00000
0.35270  0.50736  1.00000
0.35822  0.50818  1.00000
0.36374  0.50905  1.00000
0.36925  0.50996  1.00000
0.37474  0.51093  1.00000
0.38025  0.51197  1.00000
0.38575  0.51306  1.00000
0.39124  0.51420  1.00000
0.39669  0.51537  1.00000
0.40216  0.51661  1.00000
0.40763  0.51790  1.00000
0.41308  0.51923  1.00000
0.41848  0.52058  1.00000
0.42390  0.52199  1.00000
0.42930  0.52346  1.00000
0.43468  0.52495  1.00000
0.44003  0.52648  1.00000
0.44536  0.52804  1.00000
0.45068  0.52965  1.00000
0.45597  0.53129  1.00000
0.46124  0.53295  1.00000
0.46649  0.53465  1.00000
0.47173  0.53639  1.00000
0.47693  0.53815  1.00000
0.48211  0.53992  1.00000
0.48727  0.54173  1.00000
0.49239  0.54358  1.00000
0.49751  0.54543  1.00000
0.50258  0.54731  1.00000
0.50764  0.54922  1.00000
0.51267  0.55114  1.00000
0.51769  0.55307  1.00000
0.52266  0.55503  1.00000
0.52762  0.55702  1.00000
0.53255  0.55900  1.00000
0.53746  0.56101  1.00000
0.54234  0.56304  1.00000
0.54720  0.56506  1.00000
0.55204  0.56712  1.00000
0.55686  0.56918  1.00000
0.56164  0.57125  1.00000
0.56640  0.57334  1.00000
0.57114  0.57544  1.00000
0.57587  0.57753  1.00000
0.58055  0.57966  1.00000
0.58523  0.58177  1.00000
0.58987  0.58390  1.00000
0.59450  0.58605  1.00000
0.59910  0.58818  1.00000
0.60369  0.59033  1.00000
0.60825  0.59250  1.00000
0.61278  0.59466  1.00000
0.61731  0.59684  1.00000
0.62180  0.59901  1.00000
0.62629  0.60119  1.00000
0.63076  0.60339  1.00000
0.63520  0.60557  1.00000
0.63962  0.60779  1.00000
0.64402  0.60998  1.00000
0.64841  0.61219  1.00000
0.65278  0.61440  1.00000
0.65715  0.61662  1.00000
0.66149  0.61884  1.00000
0.66581  0.62106  1.00000
0.67012  0.62328  1.00000
0.67441  0.62551  1.00000
0.67868  0.62774  1.00000
0.68294  0.62997  1.00000
0.68719  0.63220  1.00000
0.69142  0.63444  1.00000
0.69564  0.63667  1.00000
0.69984  0.63889  1.00000
0.70403  0.64112  1.00000
0.70821  0.64336  1.00000
0.71237  0.64559  1.00000
0.71653  0.64782  1.00000
0.72066  0.65005  1.00000
0.72479  0.65228  1.00000
0.72890  0.65450  1.00000
0.73301  0.65674  1.00000
0.73710  0.65895  1.00000
0.74117  0.66117  1.00000
0.74525  0.66339  1.00000
0.74930  0.66560  1.00000
0.75335  0.66781  1.00000
0.75739  0.67001  1.00000
0.76142  0.67221  1.00000
0.76544  0.67440  1.00000
0.76944  0.67658  1.00000
0.77344  0.67876  1.00000
0.77744  0.68092  1.00000
0.78142  0.68309  1.00000
0.78539  0.68523  1.00000
0.78936  0.68737  1.00000
0.79332  0.68950  1.00000
0.79725  0.69161  1.00000
0.80119  0.69370  1.00000
0.80512  0.69579  1.00000
0.80905  0.69785  1.00000
0.81295  0.69990  1.00000
0.81685  0.70192  1.00000
0.82074  0.70394  1.00000
0.82462  0.70593  1.00000
0.82849  0.70789  1.00000
0.83235  0.70984  1.00000
0.83620  0.71176  1.00000
0.84004  0.71365  1.00000
0.84386  0.71551  1.00000
0.84767  0.71734  1.00000
0.85148  0.71913  1.00000
0.85528  0.72089  1.00000
0.85906  0.72262  1.00000
0.86282  0.72431  1.00000
0.86657  0.72596  1.00000
0.87031  0.72758  1.00000
0.87402  0.72915  1.00000
0.87771  0.73068  1.00000
0.88139  0.73218  1.00000
0.88507  0.73361  1.00000
0.88872  0.73499  0.99989
0.89234  0.73629  0.99915
0.89595  0.73757  0.99786
0.89954  0.73882  0.99625
0.90309  0.73999  0.99456
0.90661  0.74108  0.99295
0.91012  0.74213  0.99130
0.91362  0.74313  0.98959
0.91707  0.74405  0.98780
0.92047  0.74489  0.98594
0.92388  0.74568  0.98400
0.92725  0.74641  0.98199
0.93059  0.74706  0.97990
0.93386  0.74762  0.97773
0.93712  0.74813  0.97549
0.94036  0.74857  0.97318
0.94354  0.74892  0.97077
0.94666  0.74917  0.96829
0.94978  0.74937  0.96572
0.95287  0.74951  0.96309
0.95589  0.74955  0.96037
0.95884  0.74947  0.95755
0.96177  0.74935  0.95467
0.96468  0.74917  0.95172
0.96753  0.74888  0.94867
0.97028  0.74846  0.94553
0.97300  0.74800  0.94230
0.97568  0.74748  0.93901
0.97834  0.74687  0.93566
0.98096  0.74615  0.93225
0.98348  0.74533  0.92871
0.98593  0.74444  0.92508
0.98836  0.74350  0.92143
0.99083  0.74252  0.91776
0.99338  0.74135  0.91391
0.99577  0.74009  0.90995
0.99781  0.73882  0.90599
0.99924  0.73758  0.90212
0.99985  0.73617  0.89806
0.99997  0.73461  0.89385
0.99995  0.73296  0.88957
1.00000  0.73127  0.88530
1.00000  0.72952  0.88095
1.00000  0.72769  0.87654
1.00000  0.72580  0.87209
1.00000  0.72382  0.86760
1.00000  0.72178  0.86304
1.00000  0.71968  0.85841
1.00000  0.71752  0.85374
0.99999  0.71530  0.84904
1.00000  0.71300  0.84428
1.00000  0.71063  0.83948
1.00000  0.70821  0.83464
0.99998  0.70577  0.82976
0.99998  0.70324  0.82484
1.00000  0.70064  0.81988
1.00000  0.69799  0.81490
0.99999  0.69532  0.80988
0.99999  0.69260  0.80484
1.00000  0.68980  0.79976
1.00000  0.68696  0.79465
0.99999  0.68410  0.78953
0.99999  0.68119  0.78438
1.00000  0.67823  0.77920
1.00000  0.67524  0.77400
0.99999  0.67222  0.76879
0.99999  0.66916  0.76356
1.00000  0.66605  0.75831
1.00000  0.66292  0.75304
1.00000  0.65977  0.74778
0.99999  0.65658  0.74249
1.00000  0.65334  0.73718
1.00000  0.65010  0.73187
1.00000  0.64683  0.72655
1.00000  0.64353  0.72122
1.00000  0.64021  0.71589
1.00000  0.63686  0.71054
1.00000  0.63350  0.70520
1.00000  0.63012  0.69985
1.00000  0.62671  0.69449
1.00000  0.62329  0.68914
1.00000  0.61986  0.68378
1.00000  0.61640  0.67842
1.00000  0.61291  0.67305
1.00000  0.60943  0.66768
1.00000  0.60592  0.66233
1.00000  0.60241  0.65696
1.00000  0.59889  0.65160
1.00000  0.59534  0.64623
1.00000  0.59180  0.64087
1.00000  0.58822  0.63552
1.00000  0.58465  0.63016
1.00000  0.58105  0.62481
1.00000  0.57746  0.61947
1.00000  0.57385  0.61411
1.00000  0.57023  0.60878
1.00000  0.56661  0.60343
1.00000  0.56298  0.59809
1.00000  0.55932  0.59277
1.00000  0.55566  0.58744
1.00000  0.55200  0.58211
1.00000  0.54833  0.57681
1.00000  0.54464  0.57149
1.00000  0.54095  0.56618
1.00000  0.53726  0.56087
1.00000  0.53354  0.55557
1.00000  0.52983  0.55029
1.00000  0.52611  0.54500
1.00000  0.52237  0.53971
1.00000  0.51864  0.53444
1.00000  0.51488  0.52917
1.00000  0.51111  0.52390
1.00000  0.50734  0.51865
1.00000  0.50356  0.51339
1.00000  0.49977  0.50815
1.00000  0.49597  0.50289
1.00000  0.49217  0.49767
1.00000  0.48836  0.49243
1.00000  0.48452  0.48721
1.00000  0.48069  0.48200
1.00000  0.47686  0.47678
1.00000  0.47300  0.47159
1.00000  0.46916  0.46639
1.00000  0.46527  0.46120
1.00000  0.46140  0.45601
1.00000  0.45751  0.45084
1.00000  0.45361  0.44566
1.00000  0.44971  0.44050
1.00000  0.44578  0.43536
1.00000  0.44187  0.43021
1.00000  0.43794  0.42507
1.00000  0.43397  0.41993
1.00000  0.43003  0.41480
1.00000  0.42606  0.40970
1.00000  0.42208  0.40458
1.00000  0.41810  0.39948
1.00000  0.41410  0.39440
1.00000  0.41011  0.38933
1.00000  0.40610  0.38426
1.00000  0.40206  0.37920
1.00000  0.39805  0.37416
1.00000  0.39401  0.36912
1.00000  0.38996  0.36409
1.00000  0.38590  0.35908
1.00000  0.38184  0.35408
1.00000  0.37778  0.34910
1.00000  0.37371  0.34411
1.00000  0.36963  0.33917
1.00000  0.36554  0.33422
1.00000  0.36146  0.32929
1.00000  0.35739  0.32436
1.00000  0.35329  0.31947
1.00000  0.34920  0.31458
1.00000  0.34511  0.30973
1.00000  0.34103  0.30488
1.00000  0.33694  0.30005
1.00000  0.33287  0.29524
0.99998  0.32880  0.29046
0.99981  0.32472  0.28569
0.99958  0.32067  0.28094
0.99921  0.31662  0.27626
0.99864  0.31260  0.27156
0.99782  0.30863  0.26691
0.99683  0.30462  0.26227
0.99577  0.30064  0.25765
0.99477  0.29672  0.25308
0.99381  0.29280  0.24854
0.99286  0.28893  0.24399
0.99190  0.28506  0.23951
0.99096  0.28127  0.23508
0.99003  0.27752  0.23063
0.98909  0.27381  0.22626
0.98816  0.27015  0.22188
0.98726  0.26654  0.21758
0.98635  0.26301  0.21328
0.98545  0.25952  0.20905
0.98456  0.25608  0.20486
0.98369  0.25278  0.20068
0.98283  0.24952  0.19661
0.98198  0.24635  0.19250
0.98114  0.24328  0.18848
0.98032  0.24032  0.18448
0.97952  0.23751  0.18053
0.97873  0.23474  0.17661
0.97796  0.23209  0.17276
0.97722  0.22958  0.16899
0.97649  0.22724  0.16519
0.97577  0.22496  0.16151
0.97508  0.22289  0.15780
0.97443  0.22098  0.15419
0.97379  0.21919  0.15064
0.97317  0.21754  0.14710
0.97256  0.21608  0.14362
0.97201  0.21480  0.14020
0.97147  0.21373  0.13683
0.97093  0.21277  0.13349
0.97043  0.21203  0.13023
0.96999  0.21152  0.12696
0.96957  0.21119  0.12381
0.96915  0.21099  0.12065
0.96875  0.21098  0.11755
0.96840  0.21123  0.11451
