256
0.00000  0.00000  0.00000
0.06262  0.00000  0.02464
0.08856  0.00000  0.04926
0.10847  0.00000  0.07385
0.12524  0.00000  0.09840
0.14003  0.00001  0.12289
0.15339  0.00001  0.14730
0.16568  0.00002  0.17163
0.17712  0.00003  0.19585
0.18787  0.00004  0.21995
0.19803  0.00006  0.24391
0.20770  0.00008  0.26773
0.21693  0.00010  0.29139
0.22579  0.00013  0.31487
0.23431  0.00017  0.33816
0.24254  0.00020  0.36124
0.25049  0.00025  0.38411
0.25820  0.00030  0.40674
0.26568  0.00035  0.42912
0.27296  0.00041  0.45124
0.28006  0.00048  0.47309
0.28697  0.00056  0.49466
0.29373  0.00064  0.51592
0.30033  0.00073  0.53687
0.30679  0.00083  0.55749
0.31311  0.00094  0.57777
0.31931  0.00106  0.59771
0.32540  0.00119  0.61728
0.33137  0.00132  0.63647
0.33723  0.00147  0.65528
0.34300  0.00163  0.67370
0.34867  0.00180  0.69170
0.35425  0.00198  0.70928
0.35974  0.00217  0.72643
0.36515  0.00237  0.74314
0.37048  0.00259  0.75940
0.37573  0.00281  0.77520
0.38092  0.00305  0.79053
0.38603  0.00331  0.80538
0.39108  0.00358  0.81974
0.39606  0.00386  0.83360
0.40098  0.00416  0.84696
0.40584  0.00447  0.85980
0.41064  0.00479  0.87212
0.41539  0.00514  0.88391
0.42008  0.00550  0.89516
0.42473  0.00587  0.90587
0.42932  0.00626  0.91603
0.43386  0.00667  0.92564
0.43836  0.00710  0.93468
0.44281  0.00754  0.94315
0.44721  0.00800  0.95106
0.45158  0.00848  0.95838
0.45590  0.00898  0.96512
0.46018  0.00950  0.97128
0.46442  0.01003  0.97685
0.46862  0.01059  0.98182
0.47279  0.01117  0.98620
0.47692  0.01177  0.98998
0.48101  0.01239  0.99316
0.48507  0.01303  0.99573
0.48910  0.01369  0.99771
0.49309  0.01437  0.99907
0.49705  0.01508  0.99983
0.50098  0.01581  0.99998
0.50488  0.01656  0.99953
0.50875  0.01734  0.99846
0.51259  0.01814  0.99680
0.51640  0.01896  0.99452
0.52018  0.01981  0.99164
0.52394  0.02069  0.98817
0.52767  0.02159  0.98409
0.53137  0.02251  0.97941
0.53505  0.02346  0.97414
0.53870  0.02444  0.96828
0.54233  0.02544  0.96183
0.54593  0.02647  0.95479
0.54951  0.02753  0.94718
0.55307  0.02862  0.93899
0.55660  0.02973  0.93023
0.56011  0.03088  0.92091
0.56360  0.03205  0.91102
0.56707  0.03325  0.90059
0.57052  0.03448  0.88960
0.57394  0.03575  0.87808
0.57735  0.03704  0.86603
0.58074  0.03836  0.85344
0.58410  0.03971  0.84034
0.58745  0.04110  0.82673
0.59078  0.04252  0.81262
0.59409  0.04396  0.79802
0.59738  0.04545  0.78293
0.60065  0.04696  0.76736
0.60391  0.04851  0.75133
0.60715  0.05009  0.73484
0.61037  0.05171  0.71791
0.61357  0.05336  0.70054
0.61676  0.05504  0.68275
0.61993  0.05676  0.66454
0.62309  0.05852  0.64593
0.62622  0.06031  0.62692
0.62935  0.06214  0.60754
0.63246  0.06400  0.58779
0.63555  0.06590  0.56767
0.63863  0.06784  0.54722
0.64169  0.06981  0.52643
0.64474  0.07183  0.50533
0.64777  0.07388  0.48391
0.65079  0.07597  0.46220
0.65380  0.07810  0.44022
0.65679  0.08027  0.41796
0.65977  0.08248  0.39545
0.66273  0.08473  0.37270
0.66569  0.08702  0.34973
0.66862  0.08935  0.32654
0.67155  0.09172  0.30315
0.67446  0.09414  0.27958
0.67737  0.09659  0.25584
0.68025  0.09909  0.23195
0.68313  0.10163  0.20791
0.68599  0.10421  0.18375
0.68885  0.10684  0.15948
0.69169  0.10951  0.13511
0.69452  0.11223  0.11065
0.69733  0.11499  0.08613
0.70014  0.11779  0.06156
0.70294  0.12064  0.03695
0.70572  0.12354  0.01232
0.70849  0.12648  0.00000
0.71125  0.12946  0.00000
0.71401  0.13250  0.00000
0.71675  0.13558  0.00000
0.71948  0.13871  0.00000
0.72220  0.14188  0.00000
0.72491  0.14511  0.00000
0.72761  0.14838  0.00000
0.73030  0.15170  0.00000
0.73298  0.15507  0.00000
0.73565  0.15850  0.00000
0.73831  0.16197  0.00000
0.74096  0.16549  0.00000
0.74360  0.16906  0.00000
0.74623  0.17268  0.00000
0.74886  0.17635  0.00000
0.75147  0.18008  0.00000
0.75407  0.18386  0.00000
0.75667  0.18769  0.00000
0.75926  0.19157  0.00000
0.76183  0.19551  0.00000
0.76440  0.19950  0.00000
0.76696  0.20354  0.00000
0.76952  0.20764  0.00000
0.77206  0.21179  0.00000
0.77460  0.21600  0.00000
0.77712  0.22026  0.00000
0.77964  0.22458  0.00000
0.78215  0.22896  0.00000
0.78466  0.23339  0.00000
0.78715  0.23788  0.00000
0.78964  0.24242  0.00000
0.79212  0.24702  0.00000
0.79459  0.25168  0.00000
0.79705  0.25640  0.00000
0.79951  0.26118  0.00000
0.80196  0.26602  0.00000
0.80440  0.27091  0.00000
0.80683  0.27587  0.00000
0.80926  0.28089  0.00000
0.81168  0.28596  0.00000
0.81409  0.29110  0.00000
0.81650  0.29630  0.00000
0.81889  0.30156  0.00000
0.82129  0.30688  0.00000
0.82367  0.31226  0.00000
0.82605  0.31771  0.00000
0.82842  0.32322  0.00000
0.83078  0.32879  0.00000
0.83314  0.33443  0.00000
0.83549  0.34013  0.00000
0.83783  0.34589  0.00000
0.84017  0.35172  0.00000
0.84250  0.35761  0.00000
0.84482  0.36357  0.00000
0.84714  0.36960  0.00000
0.84945  0.37569  0.00000
0.85176  0.38185  0.00000
0.85406  0.38808  0.00000
0.85635  0.39437  0.00000
0.85864  0.40073  0.00000
0.86092  0.40716  0.00000
0.86319  0.41366  0.00000
0.86546  0.42022  0.00000
0.86772  0.42686  0.00000
0.86998  0.43356  0.00000
0.87223  0.44034  0.00000
0.87447  0.44718  0.00000
0.87671  0.45410  0.00000
0.87895  0.46108  0.00000
0.88118  0.46814  0.00000
0.88340  0.47527  0.00000
0.88561  0.48247  0.00000
0.88783  0.48974  0.00000
0.89003  0.49709  0.00000
0.89223  0.50451  0.00000
0.89443  0.51200  0.00000
0.89662  0.51957  0.00000
0.89880  0.52721  0.00000
0.90098  0.53492  0.00000
0.90315  0.54271  0.00000
0.90532  0.55058  0.00000
0.90749  0.55852  0.00000
0.90964  0.56654  0.00000
0.91180  0.57463  0.00000
0.91394  0.58280  0.00000
0.91609  0.59105  0.00000
0.91823  0.59937  0.00000
0.92036  0.60777  0.00000
0.92249  0.61625  0.00000
0.92461  0.62481  0.00000
0.92673  0.63345  0.00000
0.92884  0.64217  0.00000
0.93095  0.65096  0.00000
0.93305  0.65984  0.00000
0.93515  0.66880  0.00000
0.93725  0.67783  0.00000
0.93934  0.68695  0.00000
0.94142  0.69615  0.00000
0.94350  0.70544  0.00000
0.94558  0.71480  0.00000
0.94765  0.72425  0.00000
0.94972  0.73378  0.00000
0.95178  0.74339  0.00000
0.95384  0.75308  0.00000
0.95589  0.76286  0.00000
0.95794  0.77273  0.00000
0.95998  0.78268  0.00000
0.96202  0.79271  0.00000
0.96406  0.80283  0.00000
0.96609  0.81304  0.00000
0.96812  0.82333  0.00000
0.97014  0.83371  0.00000
0.97216  0.84417  0.00000
0.97418  0.85472  0.00000
0.97619  0.86536  0.00000
0.97819  0.87609  0.00000
0.98020  0.88691  0.00000
0.98219  0.89781  0.00000
0.98419  0.90880  0.00000
0.98618  0.91989  0.00000
0.98817  0.93106  0.00000
0.99015  0.94232  0.00000
0.99213  0.95368  0.00000
0.99410  0.96512  0.00000
0.99607  0.97665  0.00000
0.99804  0.98828  0.00000
1.00000  1.00000  0.00000
