1024
1.00000  0.00000  0.00000
1.00000  0.00569  0.00000
1.00000  0.01157  0.00000
1.00000  0.01733  0.00000
1.00000  0.02309  0.00000
1.00000  0.02878  0.00000
1.00000  0.03449  0.00000
1.00000  0.04043  0.00000
1.00000  0.04617  0.00000
1.00000  0.05198  0.00000
1.00000  0.05774  0.00000
1.00000  0.06357  0.00000
1.00000  0.06930  0.00000
1.00000  0.07494  0.00000
1.00000  0.08079  0.00000
1.00000  0.08666  0.00000
1.00000  0.09240  0.00000
1.00000  0.09816  0.00000
1.00000  0.10393  0.00000
1.00000  0.10976  0.00000
1.00000  0.11545  0.00000
1.00000  0.12117  0.00000
1.00000  0.12698  0.00000
1.00000  0.13283  0.00000
1.00000  0.13859  0.00000
1.00000  0.14433  0.00000
1.00000  0.15012  0.00000
1.00000  0.15591  0.00000
1.00000  0.16167  0.00000
1.00000  0.16740  0.00000
1.00000  0.17316  0.00000
1.00000  0.17897  0.00000
1.00000  0.18473  0.00000
1.00000  0.19048  0.00000
1.00000  0.19630  0.00000
1.00000  0.20207  0.00000
1.00000  0.20785  0.00000
1.00000  0.21361  0.00000
1.00000  0.21939  0.00000
1.00000  0.22516  0.00000
1.00000  0.23093  0.00000
1.00000  0.23670  0.00000
1.00000  0.24246  0.00000
1.00000  0.24827  0.00000
1.00000  0.25403  0.00000
1.00000  0.25979  0.00000
1.00000  0.26557  0.00000
1.00000  0.27135  0.00000
1.00000  0.27713  0.00000
1.00000  0.28290  0.00000
1.00000  0.28867  0.00000
1.00000  0.29445  0.00000
1.00000  0.30022  0.00000
1.00000  0.30601  0.00000
1.00000  0.31176  0.00000
1.00000  0.31756  0.00000
1.00000  0.32333  0.00000
1.00000  0.32910  0.00000
1.00000  0.33488  0.00000
1.00000  0.34064  0.00000
1.00000  0.34640  0.00000
1.00000  0.35217  0.00000
1.00000  0.35796  0.00000
1.00000  0.36373  0.00000
1.00000  0.36951  0.00000
1.00000  0.37527  0.00000
1.00000  0.38106  0.00000
1.00000  0.38682  0.00000
1.00000  0.39260  0.00000
1.00000  0.39837  0.00000
1.00000  0.40414  0.00000
1.00000  0.40992  0.00000
1.00000  0.41568  0.00000
1.00000  0.42144  0.00000
1.00000  0.42723  0.00000
1.00000  0.43301  0.00000
1.00000  0.43877  0.00000
1.00000  0.44456  0.00000
1.00000  0.45033  0.00000
1.00000  0.45611  0.00000
1.00000  0.46189  0.00000
1.00000  0.46766  0.00000
1.00000  0.47343  0.00000
1.00000  0.47921  0.00001
1.00000  0.48497  0.00000
1.00000  0.49075  0.00000
1.00000  0.49651  0.00000
1.00000  0.50230  0.00001
1.00000  0.50807  0.00001
1.00000  0.51384  0.00000
1.00000  0.51961  0.00000
1.00000  0.52538  0.00002
1.00000  0.53116  0.00001
1.00000  0.53693  0.00000
1.00000  0.54271  0.00000
1.00000  0.54849  0.00002
1.00000  0.55426  0.00001
1.00000  0.56003  0.00000
1.00000  0.56580  0.00000
1.00000  0.57157  0.00003
1.00000  0.57734  0.00002
1.00000  0.58311  0.00000
1.00000  0.58888  0.00000
0.99999  0.59467  0.00005
1.00000  0.60045  0.00003
1.00000  0.60621  0.00000
1.00000  0.61199  0.00001
0.99999  0.61777  0.00009
0.99999  0.62355  0.00006
1.00000  0.62930  0.00000
1.00000  0.63508  0.00000
1.00000  0.64085  0.00000
1.00000  0.64663  0.00002
1.00000  0.65240  0.00000
1.00000  0.65817  0.00000
1.00000  0.66395  0.00000
1.00000  0.66972  0.00000
1.00000  0.67550  0.00008
1.00000  0.68126  0.00003
1.00000  0.68704  0.00000
1.00000  0.69282  0.00000
1.00000  0.69859  0.00009
1.00000  0.70436  0.00007
1.00000  0.71014  0.00000
1.00000  0.71592  0.00000
1.00000  0.72168  0.00007
1.00000  0.72746  0.00005
1.00000  0.73324  0.00000
1.00000  0.73902  0.00000
1.00000  0.74478  0.00006
1.00000  0.75056  0.00004
1.00000  0.75633  0.00000
1.00000  0.76210  0.00000
1.00000  0.76787  0.00005
1.00000  0.77364  0.00003
1.00000  0.77942  0.00000
1.00000  0.78519  0.00000
1.00000  0.79096  0.00004
1.00000  0.79674  0.00003
1.00000  0.80251  0.00000
1.00000  0.80829  0.00000
1.00000  0.81405  0.00003
1.00000  0.81982  0.00002
1.00000  0.82560  0.00000
1.00000  0.83138  0.00000
1.00000  0.83715  0.00003
1.00000  0.84292  0.00002
1.00000  0.84870  0.00000
1.00000  0.85448  0.00000
1.00000  0.86025  0.00002
1.00000  0.86603  0.00002
1.00000  0.87180  0.00000
1.00000  0.87757  0.00000
1.00000  0.88334  0.00002
1.00000  0.88912  0.00002
1.00000  0.89489  0.00000
1.00000  0.90066  0.00000
1.00000  0.90647  0.00002
1.00000  0.91240  0.00003
1.00000  0.91829  0.00003
1.00000  0.92395  0.00001
0.99969  0.92922  0.00001
0.99896  0.93425  0.00011
0.99797  0.93904  0.00019
0.99670  0.94354  0.00013
0.99508  0.94771  0.00000
0.99322  0.95162  0.00000
0.99121  0.95539  0.00000
0.98920  0.95914  0.00000
0.98726  0.96298  0.00000
0.98534  0.96683  0.00000
0.98341  0.97068  0.00000
0.98148  0.97452  0.00000
0.97961  0.97842  0.00001
0.97798  0.98256  0.00000
0.97629  0.98664  0.00000
0.97417  0.99030  0.00000
0.97137  0.99328  0.00003
0.96823  0.99591  0.00000
0.96462  0.99809  0.00000
0.96034  0.99957  0.00000
0.95521  1.00000  0.00021
0.94956  1.00000  0.00039
0.94366  1.00000  0.00031
0.93772  1.00000  0.00011
0.93191  1.00000  0.00000
0.92614  1.00000  0.00000
0.92036  1.00000  0.00000
0.91459  1.00000  0.00000
0.90882  1.00000  0.00003
0.90305  1.00000  0.00003
0.89727  1.00000  0.00000
0.89149  1.00000  0.00000
0.88572  1.00000  0.00002
0.87994  1.00000  0.00002
0.87417  1.00000  0.00000
0.86840  1.00000  0.00000
0.86263  1.00000  0.00002
0.85685  1.00000  0.00002
0.85107  1.00000  0.00000
0.84530  1.00000  0.00000
0.83954  1.00000  0.00001
0.83376  1.00000  0.00001
0.82798  1.00000  0.00000
0.82222  1.00000  0.00000
0.81645  1.00000  0.00001
0.81067  1.00000  0.00001
0.80490  1.00000  0.00000
0.79912  1.00000  0.00000
0.79336  1.00000  0.00001
0.78758  1.00000  0.00001
0.78181  1.00000  0.00000
0.77603  1.00000  0.00000
0.77026  1.00000  0.00001
0.76448  1.00000  0.00001
0.75871  1.00000  0.00000
0.75293  1.00000  0.00000
0.74716  1.00000  0.00000
0.74138  1.00000  0.00001
0.73561  1.00000  0.00000
0.72983  1.00000  0.00000
0.72406  1.00000  0.00000
0.71829  1.00000  0.00000
0.71251  1.00000  0.00000
0.70674  1.00000  0.00000
0.70097  1.00000  0.00000
0.69520  1.00000  0.00000
0.68943  1.00000  0.00000
0.68365  1.00000  0.00000
0.67789  1.00000  0.00000
0.67211  1.00000  0.00000
0.66633  1.00000  0.00000
0.66055  1.00000  0.00000
0.65478  1.00000  0.00000
0.64901  1.00000  0.00000
0.64323  1.00000  0.00000
0.63745  1.00000  0.00000
0.63168  1.00000  0.00000
0.62591  1.00000  0.00000
0.62014  1.00000  0.00000
0.61436  1.00000  0.00000
0.60860  1.00000  0.00000
0.60282  1.00000  0.00000
0.59705  1.00000  0.00000
0.59127  1.00000  0.00000
0.58551  1.00000  0.00000
0.57973  1.00000  0.00000
0.57395  1.00000  0.00000
0.56817  1.00000  0.00000
0.56241  1.00000  0.00000
0.55663  1.00000  0.00000
0.55086  1.00000  0.00000
0.54509  1.00000  0.00000
0.53932  1.00000  0.00000
0.53354  1.00000  0.00000
0.52777  1.00000  0.00000
0.52198  1.00000  0.00000
0.51621  1.00000  0.00000
0.51044  1.00000  0.00000
0.50467  1.00000  0.00000
0.49889  1.00000  0.00000
0.49311  1.00000  0.00000
0.48735  1.00000  0.00000
0.48157  1.00000  0.00000
0.47580  1.00000  0.00000
0.47003  1.00000  0.00000
0.46427  1.00000  0.00000
0.45848  1.00000  0.00000
0.45272  1.00000  0.00000
0.44694  1.00000  0.00000
0.44116  1.00000  0.00000
0.43540  1.00000  0.00000
0.42961  1.00000  0.00000
0.42384  1.00000  0.00000
0.41807  1.00000  0.00000
0.41231  1.00000  0.00000
0.40653  1.00000  0.00000
0.40078  1.00000  0.00000
0.39499  1.00000  0.00000
0.38921  1.00000  0.00000
0.38343  1.00000  0.00000
0.37765  1.00000  0.00000
0.37187  1.00000  0.00000
0.36610  1.00000  0.00000
0.36031  1.00000  0.00000
0.35456  1.00000  0.00000
0.34878  1.00000  0.00000
0.34301  1.00000  0.00000
0.33723  1.00000  0.00000
0.33145  1.00000  0.00000
0.32568  1.00000  0.00000
0.31991  1.00000  0.00000
0.31413  1.00000  0.00000
0.30836  1.00000  0.00000
0.30259  1.00000  0.00000
0.29684  1.00000  0.00000
0.29106  1.00000  0.00000
0.28529  1.00000  0.00000
0.27954  1.00000  0.00000
0.27375  1.00000  0.00000
0.26794  1.00000  0.00000
0.26219  1.00000  0.00000
0.25641  1.00000  0.00000
0.25063  1.00000  0.00000
0.24484  1.00000  0.00000
0.23909  1.00000  0.00000
0.23330  1.00000  0.00000
0.22754  1.00000  0.00000
0.22174  1.00000  0.00000
0.21600  1.00000  0.00000
0.21022  1.00000  0.00000
0.20445  1.00000  0.00000
0.19864  1.00000  0.00000
0.19290  1.00000  0.00000
0.18715  1.00000  0.00000
0.18133  1.00000  0.00000
0.17555  1.00000  0.00000
0.16983  1.00000  0.00000
0.16408  1.00000  0.00000
0.15828  1.00000  0.00000
0.15246  1.00000  0.00000
0.14671  1.00000  0.00000
0.14100  1.00000  0.00000
0.13520  1.00000  0.00000
0.12939  1.00000  0.00000
0.12363  1.00000  0.00000
0.11791  1.00000  0.00000
0.11211  1.00000  0.00000
0.10632  1.00000  0.00000
0.10053  1.00000  0.00000
0.09485  1.00000  0.00000
0.08902  1.00000  0.00000
0.08318  1.00000  0.00000
0.07744  1.00000  0.00000
0.07182  1.00000  0.00001
0.06606  1.00000  0.00002
0.06028  1.00000  0.00002
0.05434  1.00000  0.00000
0.04832  1.00000  0.00000
0.04220  0.99999  0.00000
0.03628  0.99999  0.00000
0.03125  1.00000  0.00000
0.02805  1.00000  0.00267
0.02626  1.00000  0.00658
0.02504  1.00000  0.01106
0.02355  1.00000  0.01539
0.02163  1.00000  0.01923
0.01969  1.00000  0.02307
0.01777  1.00000  0.02692
0.01585  1.00000  0.03079
0.01398  1.00000  0.03474
0.01216  1.00000  0.03866
0.01006  1.00000  0.04247
0.00816  1.00000  0.04617
0.00617  1.00000  0.04992
0.00416  1.00000  0.05356
0.00223  1.00000  0.05741
0.00045  1.00000  0.06155
0.00000  1.00000  0.06652
0.00000  1.00000  0.07226
0.00000  1.00000  0.07827
0.00000  1.00000  0.08424
0.00000  1.00000  0.08993
0.00000  1.00000  0.09574
0.00000  1.00000  0.10156
0.00000  1.00000  0.10734
0.00000  1.00000  0.11310
0.00000  1.00000  0.11887
0.00000  1.00000  0.12462
0.00000  1.00000  0.13042
0.00000  1.00000  0.13611
0.00000  1.00000  0.14195
0.00000  1.00000  0.14776
0.00000  1.00000  0.15351
0.00001  1.00000  0.15927
0.00000  1.00000  0.16503
0.00000  1.00000  0.17083
0.00000  1.00000  0.17658
0.00001  1.00000  0.18233
0.00000  1.00000  0.18817
0.00000  1.00000  0.19396
0.00000  1.00000  0.19969
0.00001  1.00000  0.20547
0.00000  1.00000  0.21125
0.00000  1.00000  0.21703
0.00000  1.00000  0.22279
0.00001  1.00000  0.22856
0.00000  1.00000  0.23434
0.00000  1.00000  0.24010
0.00000  1.00000  0.24587
0.00001  1.00000  0.25166
0.00000  1.00000  0.25742
0.00000  1.00000  0.26320
0.00000  1.00000  0.26897
0.00001  1.00000  0.27472
0.00000  1.00000  0.28050
0.00000  1.00000  0.28629
0.00000  1.00000  0.29208
0.00001  1.00000  0.29784
0.00000  1.00000  0.30361
0.00000  1.00000  0.30940
0.00000  1.00000  0.31515
0.00001  1.00000  0.32093
0.00000  1.00000  0.32668
0.00000  1.00000  0.33248
0.00000  1.00000  0.33824
0.00001  1.00000  0.34400
0.00000  1.00000  0.34979
0.00000  1.00000  0.35558
0.00000  1.00000  0.36134
0.00001  1.00000  0.36711
0.00000  1.00000  0.37289
0.00000  1.00000  0.37867
0.00000  1.00000  0.38444
0.00001  1.00000  0.39021
0.00000  1.00000  0.39599
0.00000  1.00000  0.40175
0.00000  1.00000  0.40753
0.00001  1.00000  0.41330
0.00000  1.00000  0.41907
0.00000  1.00000  0.42485
0.00000  1.00000  0.43062
0.00001  1.00000  0.43639
0.00000  1.00000  0.44218
0.00000  1.00000  0.44794
0.00000  1.00000  0.45372
0.00001  1.00000  0.45949
0.00000  1.00000  0.46526
0.00000  1.00000  0.47105
0.00000  1.00000  0.47682
0.00001  1.00000  0.48259
0.00000  1.00000  0.48836
0.00000  1.00000  0.49414
0.00000  1.00000  0.49990
0.00001  1.00000  0.50567
0.00000  1.00000  0.51145
0.00000  1.00000  0.51723
0.00000  1.00000  0.52300
0.00001  1.00000  0.52878
0.00000  1.00000  0.53454
0.00000  1.00000  0.54032
0.00000  1.00000  0.54610
0.00001  1.00000  0.55187
0.00000  1.00000  0.55765
0.00000  1.00000  0.56343
0.00000  1.00000  0.56919
0.00001  1.00000  0.57497
0.00000  1.00000  0.58074
0.00000  1.00000  0.58652
0.00000  1.00000  0.59229
0.00001  1.00000  0.59805
0.00000  1.00000  0.60384
0.00000  1.00000  0.60961
0.00000  1.00000  0.61538
0.00001  1.00000  0.62115
0.00000  1.00000  0.62692
0.00000  1.00000  0.63270
0.00000  1.00000  0.63847
0.00001  1.00000  0.64424
0.00000  1.00000  0.65001
0.00000  1.00000  0.65579
0.00000  1.00000  0.66156
0.00001  1.00000  0.66733
0.00000  1.00000  0.67311
0.00000  1.00000  0.67888
0.00000  1.00000  0.68465
0.00001  1.00000  0.69042
0.00000  1.00000  0.69621
0.00000  1.00000  0.70198
0.00000  1.00000  0.70775
0.00001  1.00000  0.71353
0.00000  1.00000  0.71930
0.00000  1.00000  0.72508
0.00000  1.00000  0.73085
0.00000  1.00000  0.73662
0.00000  1.00000  0.74240
0.00000  1.00000  0.74817
0.00000  1.00000  0.75394
0.00000  1.00000  0.75971
0.00000  1.00000  0.76549
0.00000  1.00000  0.77127
0.00000  1.00000  0.77704
0.00000  1.00000  0.78280
0.00000  1.00000  0.78858
0.00001  1.00000  0.79436
0.00001  1.00000  0.80013
0.00000  1.00000  0.80590
0.00000  1.00000  0.81167
0.00001  1.00000  0.81745
0.00001  1.00000  0.82322
0.00000  1.00000  0.82899
0.00000  1.00000  0.83476
0.00002  1.00000  0.84054
0.00002  1.00000  0.84631
0.00000  1.00000  0.85208
0.00000  1.00000  0.85785
0.00003  1.00000  0.86364
0.00003  1.00000  0.86941
0.00000  1.00000  0.87518
0.00000  1.00000  0.88095
0.00005  1.00000  0.88673
0.00005  1.00000  0.89251
0.00000  1.00000  0.89827
0.00000  1.00000  0.90405
0.00007  1.00000  0.90983
0.00007  1.00000  0.91559
0.00000  1.00000  0.92137
0.00000  1.00000  0.92714
0.00009  1.00000  0.93291
0.00010  1.00000  0.93869
0.00000  1.00000  0.94446
0.00000  1.00000  0.95024
0.00000  1.00000  0.95602
0.00000  1.00000  0.96178
0.00000  1.00000  0.96757
0.00000  1.00000  0.97341
0.00000  1.00000  0.97925
0.00000  1.00000  0.98498
0.00259  0.99967  0.99031
0.00380  0.99781  0.99423
0.00189  0.99479  0.99698
0.00000  0.99107  0.99904
0.00044  0.98691  1.00000
0.00080  0.98153  1.00000
0.00064  0.97535  1.00000
0.00025  0.96905  1.00000
0.00000  0.96316  1.00000
0.00001  0.95739  1.00000
0.00032  0.95161  1.00000
0.00032  0.94584  1.00000
0.00000  0.94007  1.00000
0.00000  0.93429  1.00000
0.00038  0.92852  1.00000
0.00044  0.92275  1.00000
0.00000  0.91699  1.00000
0.00000  0.91121  1.00000
0.00055  0.90543  0.99999
0.00065  0.89965  0.99999
0.00000  0.89389  1.00000
0.00000  0.88811  1.00000
0.00088  0.88232  0.99998
0.00101  0.87654  0.99998
0.00000  0.87079  1.00000
0.00000  0.86502  1.00000
0.00000  0.85924  1.00000
0.00039  0.85346  0.99999
0.00000  0.84769  1.00000
0.00000  0.84193  1.00000
0.00000  0.83616  1.00000
0.00000  0.83038  1.00000
0.00051  0.82459  0.99998
0.00032  0.81882  0.99998
0.00000  0.81305  1.00000
0.00000  0.80729  1.00000
0.00068  0.80150  0.99997
0.00088  0.79573  0.99996
0.00000  0.78996  1.00000
0.00000  0.78420  1.00000
0.00044  0.77841  0.99998
0.00056  0.77264  0.99997
0.00000  0.76687  1.00000
0.00000  0.76110  1.00000
0.00029  0.75532  0.99998
0.00038  0.74954  0.99998
0.00000  0.74377  1.00000
0.00000  0.73799  1.00000
0.00019  0.73222  0.99999
0.00026  0.72644  0.99998
0.00000  0.72067  1.00000
0.00000  0.71490  1.00000
0.00012  0.70913  0.99999
0.00017  0.70335  0.99999
0.00000  0.69758  1.00000
0.00000  0.69181  1.00000
0.00008  0.68604  0.99999
0.00011  0.68026  0.99999
0.00000  0.67449  1.00000
0.00000  0.66872  1.00000
0.00004  0.66295  0.99999
0.00007  0.65718  0.99999
0.00001  0.65141  1.00000
0.00000  0.64563  1.00000
0.00002  0.63986  1.00000
0.00003  0.63408  0.99999
0.00001  0.62830  1.00000
0.00000  0.62252  1.00000
0.00000  0.61675  1.00000
0.00001  0.61098  0.99999
0.00001  0.60520  1.00000
0.00001  0.59943  1.00000
0.00000  0.59366  1.00000
0.00000  0.58788  1.00000
0.00001  0.58211  1.00000
0.00002  0.57635  1.00000
0.00000  0.57056  1.00000
0.00000  0.56479  1.00000
0.00001  0.55901  1.00000
0.00003  0.55323  1.00000
0.00000  0.54747  1.00000
0.00000  0.54169  1.00000
0.00001  0.53592  1.00000
0.00003  0.53015  1.00000
0.00000  0.52438  1.00000
0.00000  0.51862  1.00000
0.00001  0.51284  1.00000
0.00004  0.50706  1.00000
0.00000  0.50130  1.00000
0.00000  0.49552  1.00000
0.00001  0.48973  1.00000
0.00004  0.48395  1.00000
0.00000  0.47818  1.00000
0.00000  0.47242  1.00000
0.00001  0.46664  1.00000
0.00004  0.46086  1.00000
0.00000  0.45510  1.00000
0.00000  0.44933  1.00000
0.00000  0.44355  1.00000
0.00004  0.43778  1.00000
0.00000  0.43202  1.00000
0.00000  0.42623  1.00000
0.00000  0.42045  1.00000
0.00004  0.41467  1.00000
0.00000  0.40891  1.00000
0.00000  0.40314  1.00000
0.00000  0.39736  1.00000
0.00004  0.39160  1.00000
0.00000  0.38582  1.00000
0.00000  0.38006  1.00000
0.00000  0.37429  1.00000
0.00003  0.36851  1.00000
0.00000  0.36273  1.00000
0.00000  0.35697  1.00000
0.00000  0.35118  1.00000
0.00004  0.34539  1.00000
0.00000  0.33963  1.00000
0.00000  0.33386  1.00000
0.00000  0.32807  1.00000
0.00004  0.32231  1.00000
0.00000  0.31654  1.00000
0.00000  0.31078  1.00000
0.00000  0.30499  1.00000
0.00003  0.29923  1.00000
0.00000  0.29344  1.00000
0.00000  0.28767  1.00000
0.00000  0.28190  1.00000
0.00003  0.27613  1.00000
0.00000  0.27036  1.00000
0.00000  0.26457  1.00000
0.00000  0.25879  1.00000
0.00003  0.25301  1.00000
0.00000  0.24725  1.00000
0.00000  0.24149  1.00000
0.00000  0.23572  1.00000
0.00003  0.22992  1.00000
0.00000  0.22416  1.00000
0.00000  0.21842  1.00000
0.00000  0.21263  1.00000
0.00003  0.20687  1.00000
0.00000  0.20106  1.00000
0.00000  0.19530  1.00000
0.00000  0.18951  1.00000
0.00003  0.18370  1.00000
0.00000  0.17798  1.00000
0.00000  0.17218  1.00000
0.00000  0.16641  1.00000
0.00002  0.16062  1.00000
0.00000  0.15488  1.00000
0.00000  0.14912  1.00000
0.00000  0.14333  1.00000
0.00002  0.13755  1.00000
0.00000  0.13179  1.00000
0.00000  0.12605  1.00000
0.00000  0.12021  1.00000
0.00002  0.11440  1.00000
0.00000  0.10869  1.00000
0.00000  0.10299  1.00000
0.00001  0.09717  1.00000
0.00003  0.09143  1.00000
0.00000  0.08559  1.00000
0.00000  0.07965  1.00000
0.00000  0.07354  1.00000
0.00000  0.06755  1.00000
0.00000  0.06250  1.00000
0.00175  0.05820  1.00000
0.00368  0.05436  1.00000
0.00570  0.05071  1.00000
0.00770  0.04710  1.00000
0.00962  0.04327  1.00000
0.01166  0.03959  1.00000
0.01352  0.03577  1.00000
0.01540  0.03171  1.00000
0.01731  0.02785  1.00000
0.01923  0.02399  1.00000
0.02116  0.02015  1.00000
0.02309  0.01632  1.00000
0.02457  0.01211  1.00000
0.02571  0.00733  1.00000
0.02743  0.00335  1.00000
0.03067  0.00081  1.00000
0.03566  0.00000  0.99990
0.04115  0.00000  0.99992
0.04699  0.00000  0.99997
0.05295  0.00000  1.00000
0.05902  0.00000  0.99999
0.06478  0.00000  0.99999
0.07046  0.00000  1.00000
0.07608  0.00000  1.00000
0.08187  0.00000  1.00000
0.08766  0.00000  1.00000
0.09340  0.00000  1.00000
0.09916  0.00000  1.00000
0.10486  0.00000  1.00000
0.11074  0.00000  1.00000
0.11655  0.00000  1.00000
0.12225  0.00000  1.00000
0.12803  0.00000  1.00000
0.13381  0.00000  1.00000
0.13955  0.00000  1.00000
0.14536  0.00000  1.00000
0.15106  0.00000  1.00000
0.15686  0.00000  1.00000
0.16267  0.00000  1.00000
0.16842  0.00000  1.00000
0.17418  0.00000  1.00000
0.17996  0.00000  1.00000
0.18580  0.00000  1.00000
0.19153  0.00000  1.00000
0.19730  0.00000  1.00000
0.20308  0.00000  1.00000
0.20886  0.00000  1.00000
0.21463  0.00000  1.00000
0.22041  0.00000  1.00000
0.22619  0.00000  1.00000
0.23198  0.00000  1.00000
0.23775  0.00000  1.00000
0.24348  0.00000  1.00000
0.24926  0.00000  1.00000
0.25506  0.00000  1.00000
0.26081  0.00000  1.00000
0.26657  0.00000  1.00000
0.27234  0.00000  1.00000
0.27815  0.00000  1.00000
0.28391  0.00000  1.00000
0.28968  0.00000  1.00000
0.29545  0.00000  1.00000
0.30123  0.00000  1.00000
0.30701  0.00000  1.00000
0.31277  0.00000  1.00000
0.31856  0.00000  1.00000
0.32433  0.00000  1.00000
0.33011  0.00000  1.00000
0.33587  0.00000  1.00000
0.34165  0.00000  1.00000
0.34743  0.00000  1.00000
0.35319  0.00000  1.00000
0.35894  0.00000  1.00000
0.36473  0.00000  1.00000
0.37050  0.00000  1.00000
0.37629  0.00000  1.00000
0.38204  0.00000  1.00000
0.38781  0.00000  1.00000
0.39359  0.00000  1.00000
0.39935  0.00000  1.00000
0.40513  0.00000  1.00000
0.41092  0.00000  1.00000
0.41670  0.00000  1.00000
0.42247  0.00000  1.00000
0.42825  0.00000  1.00000
0.43402  0.00000  1.00000
0.43980  0.00000  1.00000
0.44556  0.00000  1.00000
0.45134  0.00000  1.00000
0.45711  0.00000  1.00000
0.46287  0.00000  1.00000
0.46866  0.00000  1.00000
0.47443  0.00000  1.00000
0.48020  0.00000  1.00000
0.48598  0.00000  1.00000
0.49176  0.00000  1.00000
0.49753  0.00000  1.00000
0.50329  0.00000  1.00000
0.50908  0.00000  1.00000
0.51485  0.00000  1.00000
0.52061  0.00000  1.00000
0.52640  0.00000  1.00000
0.53217  0.00000  1.00000
0.53795  0.00000  1.00000
0.54371  0.00000  1.00000
0.54949  0.00000  1.00000
0.55526  0.00000  1.00000
0.56103  0.00000  1.00000
0.56681  0.00000  1.00000
0.57258  0.00000  1.00000
0.57835  0.00000  1.00000
0.58412  0.00000  1.00000
0.58989  0.00000  1.00000
0.59567  0.00000  1.00000
0.60144  0.00000  1.00000
0.60722  0.00000  1.00000
0.61298  0.00000  1.00000
0.61877  0.00000  1.00000
0.62454  0.00000  1.00000
0.63032  0.00000  1.00000
0.63609  0.00000  1.00000
0.64186  0.00000  1.00000
0.64763  0.00000  1.00000
0.65340  0.00000  1.00000
0.65917  0.00000  1.00000
0.66495  0.00000  1.00000
0.67074  0.00000  1.00000
0.67651  0.00000  1.00000
0.68228  0.00000  1.00000
0.68806  0.00000  1.00000
0.69383  0.00000  1.00000
0.69960  0.00000  1.00000
0.70537  0.00000  1.00000
0.71115  0.00000  1.00000
0.71692  0.00000  1.00000
0.72268  0.00000  1.00000
0.72846  0.00000  1.00000
0.73423  0.00000  1.00000
0.74001  0.00000  1.00000
0.74578  0.00000  1.00000
0.75156  0.00000  1.00000
0.75733  0.00000  1.00000
0.76310  0.00000  1.00000
0.76887  0.00000  1.00000
0.77464  0.00000  1.00000
0.78042  0.00000  1.00000
0.78619  0.00000  1.00000
0.79196  0.00000  1.00000
0.79774  0.00000  1.00000
0.80352  0.00000  1.00000
0.80930  0.00000  1.00000
0.81507  0.00000  1.00000
0.82084  0.00000  1.00000
0.82662  0.00000  1.00000
0.83239  0.00000  1.00000
0.83816  0.00000  1.00000
0.84393  0.00000  1.00000
0.84971  0.00000  1.00000
0.85548  0.00000  1.00000
0.86125  0.00000  1.00000
0.86702  0.00000  1.00000
0.87280  0.00000  1.00000
0.87857  0.00000  1.00000
0.88435  0.00000  1.00000
0.89012  0.00000  1.00000
0.89589  0.00000  1.00000
0.90166  0.00001  1.00000
0.90744  0.00001  1.00000
0.91321  0.00000  1.00000
0.91898  0.00000  1.00000
0.92476  0.00000  1.00000
0.93054  0.00000  1.00000
0.93635  0.00016  1.00000
0.94236  0.00091  1.00000
0.94832  0.00147  1.00000
0.95395  0.00097  1.00000
0.95899  0.00000  0.99959
0.96360  0.00000  0.99844
0.96768  0.00100  0.99672
0.97102  0.00115  0.99429
0.97351  0.00000  0.99102
0.97554  0.00000  0.98728
0.97735  0.00000  0.98331
0.97913  0.00000  0.97932
0.98104  0.00001  0.97545
0.98296  0.00002  0.97160
0.98489  0.00001  0.96776
0.98681  0.00000  0.96390
0.98874  0.00000  0.96006
0.99073  0.00000  0.95628
0.99272  0.00000  0.95249
0.99460  0.00000  0.94860
0.99629  0.00016  0.94451
0.99767  0.00022  0.94012
0.99876  0.00006  0.93543
0.99961  0.00000  0.93051
1.00000  0.00007  0.92534
1.00000  0.00012  0.91972
1.00000  0.00007  0.91382
1.00000  0.00001  0.90785
1.00000  0.00000  0.90204
1.00000  0.00000  0.89626
1.00000  0.00000  0.89049
1.00000  0.00000  0.88471
1.00000  0.00000  0.87894
1.00000  0.00000  0.87317
1.00000  0.00000  0.86739
1.00000  0.00000  0.86162
1.00000  0.00000  0.85585
1.00000  0.00000  0.85008
1.00000  0.00000  0.84430
1.00000  0.00000  0.83853
1.00000  0.00000  0.83276
1.00000  0.00000  0.82699
1.00000  0.00000  0.82121
1.00000  0.00000  0.81544
1.00000  0.00000  0.80967
1.00000  0.00000  0.80389
1.00000  0.00000  0.79811
1.00000  0.00000  0.79233
1.00000  0.00000  0.78657
1.00000  0.00000  0.78079
1.00000  0.00000  0.77501
1.00000  0.00001  0.76923
1.00000  0.00000  0.76347
1.00000  0.00000  0.75770
1.00000  0.00001  0.75192
1.00000  0.00001  0.74615
1.00000  0.00000  0.74038
1.00000  0.00000  0.73461
1.00000  0.00001  0.72883
1.00000  0.00001  0.72305
1.00000  0.00000  0.71729
1.00000  0.00000  0.71152
1.00000  0.00001  0.70574
1.00000  0.00001  0.69996
1.00000  0.00000  0.69419
1.00000  0.00000  0.68842
1.00000  0.00001  0.68264
1.00000  0.00002  0.67686
1.00000  0.00000  0.67109
1.00000  0.00000  0.66531
1.00000  0.00001  0.65954
1.00000  0.00002  0.65377
1.00000  0.00000  0.64799
1.00000  0.00000  0.64223
1.00000  0.00001  0.63646
1.00000  0.00003  0.63068
1.00000  0.00000  0.62491
1.00000  0.00000  0.61914
1.00000  0.00002  0.61336
1.00000  0.00004  0.60759
1.00000  0.00000  0.60181
1.00000  0.00000  0.59604
1.00000  0.00002  0.59026
0.99999  0.00005  0.58449
1.00000  0.00000  0.57872
1.00000  0.00000  0.57295
1.00000  0.00003  0.56718
0.99999  0.00006  0.56140
1.00000  0.00000  0.55562
1.00000  0.00000  0.54986
1.00000  0.00004  0.54408
0.99999  0.00008  0.53831
1.00000  0.00000  0.53254
1.00000  0.00000  0.52677
0.99999  0.00006  0.52099
0.99999  0.00011  0.51521
1.00000  0.00000  0.50944
1.00000  0.00000  0.50366
0.99999  0.00010  0.49790
0.99998  0.00017  0.49211
1.00000  0.00000  0.48634
1.00000  0.00000  0.48056
1.00000  0.00000  0.47479
1.00000  0.00000  0.46902
1.00000  0.00000  0.46324
1.00000  0.00000  0.45747
1.00000  0.00000  0.45170
1.00000  0.00000  0.44592
0.99999  0.00006  0.44017
0.99998  0.00016  0.43439
1.00000  0.00002  0.42862
1.00000  0.00000  0.42283
1.00000  0.00004  0.41708
0.99999  0.00012  0.41130
1.00000  0.00002  0.40552
1.00000  0.00000  0.39973
1.00000  0.00003  0.39397
0.99999  0.00008  0.38820
1.00000  0.00001  0.38242
1.00000  0.00000  0.37666
1.00000  0.00002  0.37088
0.99999  0.00006  0.36511
1.00000  0.00001  0.35933
1.00000  0.00000  0.35355
1.00000  0.00001  0.34779
0.99999  0.00005  0.34202
1.00000  0.00000  0.33623
1.00000  0.00000  0.33047
1.00000  0.00001  0.32469
1.00000  0.00004  0.31893
1.00000  0.00001  0.31316
1.00000  0.00000  0.30737
1.00000  0.00001  0.30160
1.00000  0.00003  0.29583
1.00000  0.00000  0.29004
1.00000  0.00000  0.28425
1.00000  0.00000  0.27849
1.00000  0.00002  0.27271
1.00000  0.00000  0.26694
1.00000  0.00000  0.26118
1.00000  0.00000  0.25542
1.00000  0.00001  0.24963
1.00000  0.00000  0.24385
1.00000  0.00000  0.23809
1.00000  0.00000  0.23232
1.00000  0.00001  0.22656
1.00000  0.00000  0.22079
1.00000  0.00000  0.21498
1.00000  0.00000  0.20922
1.00000  0.00000  0.20346
1.00000  0.00000  0.19767
1.00000  0.00000  0.19189
1.00000  0.00000  0.18614
1.00000  0.00000  0.18034
1.00000  0.00000  0.17458
1.00000  0.00000  0.16880
1.00000  0.00000  0.16303
1.00000  0.00000  0.15725
1.00000  0.00000  0.15147
1.00000  0.00001  0.14573
1.00000  0.00000  0.13993
1.00000  0.00000  0.13421
1.00000  0.00000  0.12840
1.00000  0.00001  0.12257
1.00000  0.00000  0.11685
1.00000  0.00002  0.11112
0.99999  0.00007  0.10530
0.99999  0.00009  0.09952
1.00000  0.00000  0.09375
