1024
1.00000  0.00000  0.00000
1.00000  0.00576  0.00000
1.00000  0.01174  0.00000
1.00000  0.01754  0.00000
1.00000  0.02337  0.00000
1.00000  0.02912  0.00000
1.00000  0.03499  0.00000
1.00000  0.04089  0.00000
1.00000  0.04673  0.00000
1.00000  0.05256  0.00000
1.00000  0.05848  0.00000
1.00000  0.06436  0.00000
1.00000  0.07012  0.00000
1.00000  0.07587  0.00000
1.00000  0.08184  0.00000
1.00000  0.08771  0.00000
1.00000  0.09346  0.00000
1.00000  0.09928  0.00000
1.00000  0.10514  0.00000
1.00000  0.11107  0.00000
1.00000  0.11686  0.00000
1.00000  0.12264  0.00000
1.00000  0.12853  0.00000
1.00000  0.13441  0.00000
1.00000  0.14020  0.00000
1.00000  0.14603  0.00000
1.00000  0.15186  0.00000
1.00000  0.15772  0.00000
1.00000  0.16358  0.00000
1.00000  0.16940  0.00000
1.00000  0.17524  0.00000
1.00000  0.18108  0.00000
1.00000  0.18693  0.00000
1.00000  0.19276  0.00000
1.00000  0.19861  0.00000
1.00000  0.20450  0.00000
1.00000  0.21032  0.00000
1.00000  0.21617  0.00000
1.00000  0.22199  0.00000
1.00000  0.22786  0.00000
1.00000  0.23367  0.00000
1.00000  0.23952  0.00000
1.00000  0.24536  0.00000
1.00000  0.25124  0.00000
1.00000  0.25707  0.00000
1.00000  0.26290  0.00000
1.00000  0.26876  0.00000
1.00000  0.27459  0.00000
1.00000  0.28042  0.00000
1.00000  0.28625  0.00000
1.00000  0.29212  0.00000
1.00000  0.29795  0.00000
1.00000  0.30379  0.00000
1.00000  0.30964  0.00000
1.00000  0.31549  0.00000
1.00000  0.32133  0.00000
1.00000  0.32716  0.00000
1.00000  0.33302  0.00000
1.00000  0.33885  0.00000
1.00000  0.34469  0.00000
1.00000  0.35054  0.00000
1.00000  0.35638  0.00000
1.00000  0.36222  0.00000
1.00000  0.36806  0.00000
1.00000  0.37391  0.00000
1.00000  0.37974  0.00000
1.00000  0.38558  0.00000
1.00000  0.39144  0.00000
1.00000  0.39727  0.00000
1.00000  0.40311  0.00000
1.00000  0.40896  0.00000
1.00000  0.41481  0.00000
1.00000  0.42065  0.00000
1.00000  0.42648  0.00000
1.00000  0.43234  0.00000
1.00000  0.43818  0.00000
1.00000  0.44401  0.00000
1.00000  0.44984  0.00000
1.00000  0.45569  0.00000
1.00000  0.46154  0.00000
1.00000  0.46738  0.00000
1.00000  0.47320  0.00000
1.00000  0.47906  0.00000
1.00000  0.48490  0.00001
1.00000  0.49076  0.00000
1.00000  0.49658  0.00000
1.00000  0.50243  0.00000
1.00000  0.50829  0.00001
1.00000  0.51413  0.00001
1.00000  0.51996  0.00000
1.00000  0.52580  0.00000
1.00000  0.53164  0.00002
1.00000  0.53749  0.00001
1.00000  0.54332  0.00000
1.00000  0.54916  0.00000
1.00000  0.55500  0.00003
1.00000  0.56084  0.00002
1.00000  0.56669  0.00000
1.00000  0.57253  0.00000
1.00000  0.57837  0.00004
1.00000  0.58422  0.00003
1.00000  0.59005  0.00000
1.00000  0.59590  0.00000
0.99999  0.60175  0.00006
1.00000  0.60760  0.00004
1.00000  0.61342  0.00000
1.00000  0.61928  0.00001
0.99999  0.62512  0.00010
0.99999  0.63096  0.00007
1.00000  0.63679  0.00000
1.00000  0.64263  0.00000
1.00000  0.64847  0.00000
1.00000  0.65432  0.00000
1.00000  0.66016  0.00000
1.00000  0.66601  0.00000
1.00000  0.67185  0.00000
1.00000  0.67770  0.00000
0.99999  0.68354  0.00013
1.00000  0.68939  0.00010
1.00000  0.69523  0.00000
1.00000  0.70107  0.00000
1.00000  0.70691  0.00009
1.00000  0.71274  0.00006
1.00000  0.71859  0.00000
1.00000  0.72443  0.00000
1.00000  0.73027  0.00007
1.00000  0.73611  0.00005
1.00000  0.74196  0.00000
1.00000  0.74781  0.00000
1.00000  0.75364  0.00005
1.00000  0.75949  0.00004
1.00000  0.76534  0.00000
1.00000  0.77118  0.00000
1.00000  0.77702  0.00004
1.00000  0.78286  0.00003
1.00000  0.78871  0.00000
1.00000  0.79455  0.00000
1.00000  0.80039  0.00004
1.00000  0.80623  0.00003
1.00000  0.81207  0.00000
1.00000  0.81791  0.00000
1.00000  0.82375  0.00003
1.00000  0.82959  0.00002
1.00000  0.83544  0.00000
1.00000  0.84128  0.00000
1.00000  0.84712  0.00003
1.00000  0.85296  0.00002
1.00000  0.85881  0.00000
1.00000  0.86465  0.00000
1.00000  0.87049  0.00002
1.00000  0.87633  0.00002
1.00000  0.88218  0.00000
1.00000  0.88802  0.00000
1.00000  0.89386  0.00002
1.00000  0.89970  0.00001
1.00000  0.90554  0.00000
1.00000  0.91138  0.00000
1.00000  0.91722  0.00002
1.00000  0.92306  0.00001
1.00000  0.92890  0.00000
1.00000  0.93475  0.00000
1.00000  0.94059  0.00001
1.00000  0.94643  0.00000
1.00000  0.95228  0.00000
1.00000  0.95812  0.00000
1.00000  0.96402  0.00002
1.00000  0.97015  0.00002
1.00000  0.97621  0.00000
1.00000  0.98186  0.00000
0.99957  0.98690  0.00000
0.99875  0.99192  0.00000
0.99730  0.99631  0.00000
0.99444  0.99929  0.00000
0.98960  1.00000  0.00053
0.98391  1.00000  0.00092
0.97788  1.00000  0.00068
0.97182  1.00000  0.00021
0.96593  1.00000  0.00000
0.96009  1.00000  0.00000
0.95424  1.00000  0.00000
0.94840  1.00000  0.00000
0.94256  1.00000  0.00004
0.93672  1.00000  0.00004
0.93088  1.00000  0.00000
0.92503  1.00000  0.00000
0.91920  1.00000  0.00003
0.91336  1.00000  0.00003
0.90752  1.00000  0.00000
0.90167  1.00000  0.00000
0.89583  1.00000  0.00002
0.88999  1.00000  0.00002
0.88414  1.00000  0.00000
0.87830  1.00000  0.00000
0.87246  1.00000  0.00002
0.86661  1.00000  0.00002
0.86077  1.00000  0.00000
0.85493  1.00000  0.00000
0.84909  1.00000  0.00001
0.84325  1.00000  0.00002
0.83741  1.00000  0.00000
0.83157  1.00000  0.00000
0.82573  1.00000  0.00001
0.81988  1.00000  0.00001
0.81404  1.00000  0.00000
0.80819  1.00000  0.00000
0.80235  1.00000  0.00001
0.79651  1.00000  0.00001
0.79066  1.00000  0.00000
0.78482  1.00000  0.00000
0.77898  1.00000  0.00001
0.77314  1.00000  0.00001
0.76729  1.00000  0.00000
0.76145  1.00000  0.00000
0.75561  1.00000  0.00001
0.74977  1.00000  0.00001
0.74393  1.00000  0.00000
0.73808  1.00000  0.00000
0.73225  1.00000  0.00000
0.72641  1.00000  0.00000
0.72056  1.00000  0.00000
0.71471  1.00000  0.00000
0.70888  1.00000  0.00000
0.70304  1.00000  0.00000
0.69719  1.00000  0.00000
0.69134  1.00000  0.00000
0.68551  1.00000  0.00000
0.67966  1.00000  0.00000
0.67382  1.00000  0.00000
0.66798  1.00000  0.00000
0.66214  1.00000  0.00000
0.65630  1.00000  0.00000
0.65045  1.00000  0.00000
0.64461  1.00000  0.00000
0.63878  1.00000  0.00000
0.63293  1.00000  0.00000
0.62709  1.00000  0.00000
0.62124  1.00000  0.00000
0.61540  1.00000  0.00000
0.60956  1.00000  0.00000
0.60372  1.00000  0.00000
0.59787  1.00000  0.00000
0.59204  1.00000  0.00000
0.58619  1.00000  0.00000
0.58035  1.00000  0.00000
0.57450  1.00000  0.00000
0.56866  1.00000  0.00000
0.56283  1.00000  0.00000
0.55699  1.00000  0.00000
0.55114  1.00000  0.00000
0.54530  1.00000  0.00000
0.53945  1.00000  0.00000
0.53360  1.00000  0.00000
0.52776  1.00000  0.00000
0.52192  1.00000  0.00000
0.51608  1.00000  0.00000
0.51024  1.00000  0.00000
0.50441  1.00000  0.00000
0.49857  1.00000  0.00000
0.49271  1.00000  0.00000
0.48687  1.00000  0.00000
0.48102  1.00000  0.00000
0.47520  1.00000  0.00000
0.46936  1.00000  0.00000
0.46350  1.00000  0.00000
0.45766  1.00000  0.00000
0.45183  1.00000  0.00000
0.44598  1.00000  0.00000
0.44014  1.00000  0.00000
0.43429  1.00000  0.00000
0.42845  1.00000  0.00000
0.42260  1.00000  0.00000
0.41677  1.00000  0.00000
0.41092  1.00000  0.00000
0.40508  1.00000  0.00000
0.39923  1.00000  0.00000
0.39339  1.00000  0.00000
0.38754  1.00000  0.00000
0.38171  1.00000  0.00000
0.37588  1.00000  0.00000
0.37002  1.00000  0.00000
0.36418  1.00000  0.00000
0.35835  1.00000  0.00000
0.35251  1.00000  0.00000
0.34666  1.00000  0.00000
0.34082  1.00000  0.00000
0.33500  1.00000  0.00000
0.32916  1.00000  0.00000
0.32330  1.00000  0.00000
0.31745  1.00000  0.00000
0.31161  1.00000  0.00000
0.30579  1.00000  0.00000
0.29992  1.00000  0.00000
0.29406  1.00000  0.00000
0.28823  1.00000  0.00000
0.28241  1.00000  0.00000
0.27656  1.00000  0.00000
0.27071  1.00000  0.00000
0.26486  1.00000  0.00000
0.25905  1.00000  0.00000
0.25319  1.00000  0.00000
0.24734  1.00000  0.00000
0.24151  1.00000  0.00000
0.23568  1.00000  0.00000
0.22979  1.00000  0.00000
0.22395  1.00000  0.00000
0.21813  1.00000  0.00000
0.21231  1.00000  0.00000
0.20647  1.00000  0.00000
0.20057  1.00000  0.00000
0.19478  1.00000  0.00000
0.18894  1.00000  0.00000
0.18307  1.00000  0.00000
0.17724  1.00000  0.00000
0.17141  1.00000  0.00000
0.16556  1.00000  0.00000
0.15970  1.00000  0.00000
0.15385  1.00000  0.00000
0.14805  1.00000  0.00000
0.14223  1.00000  0.00000
0.13632  1.00000  0.00000
0.13052  1.00000  0.00000
0.12465  1.00000  0.00000
0.11887  1.00000  0.00000
0.11301  1.00000  0.00000
0.10713  1.00000  0.00000
0.10129  1.00000  0.00000
0.09552  1.00000  0.00000
0.08964  1.00000  0.00000
0.08378  1.00000  0.00000
0.07793  1.00000  0.00000
0.07217  1.00000  0.00000
0.06628  1.00000  0.00000
0.06039  1.00000  0.00000
0.05455  1.00000  0.00000
0.04902  1.00000  0.00000
0.04317  1.00000  0.00000
0.03737  1.00000  0.00000
0.03118  1.00000  0.00000
0.02512  1.00000  0.00000
0.01913  0.99999  0.00000
0.01337  0.99999  0.00000
0.00781  1.00000  0.00000
0.00389  1.00000  0.00207
0.00185  1.00000  0.00581
0.00084  1.00000  0.01046
0.00001  1.00000  0.01557
0.00000  1.00000  0.02069
0.00000  1.00000  0.02641
0.00000  1.00000  0.03250
0.00000  1.00000  0.03891
0.00002  1.00000  0.04502
0.00002  1.00000  0.05083
0.00000  1.00000  0.05661
0.00000  1.00000  0.06228
0.00000  1.00000  0.06807
0.00000  1.00000  0.07400
0.00000  1.00000  0.07987
0.00000  1.00000  0.08567
0.00000  1.00000  0.09155
0.00000  1.00000  0.09735
0.00000  1.00000  0.10323
0.00000  1.00000  0.10901
0.00000  1.00000  0.11477
0.00000  1.00000  0.12066
0.00000  1.00000  0.12656
0.00000  1.00000  0.13240
0.00000  1.00000  0.13823
0.00000  1.00000  0.14407
0.00000  1.00000  0.14994
0.00000  1.00000  0.15576
0.00001  1.00000  0.16160
0.00000  1.00000  0.16745
0.00000  1.00000  0.17330
0.00000  1.00000  0.17915
0.00001  1.00000  0.18499
0.00000  1.00000  0.19082
0.00000  1.00000  0.19670
0.00000  1.00000  0.20251
0.00001  1.00000  0.20834
0.00000  1.00000  0.21419
0.00000  1.00000  0.22004
0.00000  1.00000  0.22588
0.00001  1.00000  0.23171
0.00000  1.00000  0.23758
0.00000  1.00000  0.24341
0.00000  1.00000  0.24926
0.00001  1.00000  0.25511
0.00000  1.00000  0.26093
0.00000  1.00000  0.26677
0.00000  1.00000  0.27260
0.00001  1.00000  0.27845
0.00000  1.00000  0.28428
0.00000  1.00000  0.29013
0.00000  1.00000  0.29598
0.00001  1.00000  0.30180
0.00000  1.00000  0.30764
0.00000  1.00000  0.31350
0.00000  1.00000  0.31934
0.00001  1.00000  0.32517
0.00000  1.00000  0.33102
0.00000  1.00000  0.33688
0.00000  1.00000  0.34273
0.00001  1.00000  0.34857
0.00000  1.00000  0.35441
0.00000  1.00000  0.36025
0.00000  1.00000  0.36610
0.00001  1.00000  0.37193
0.00000  1.00000  0.37778
0.00000  1.00000  0.38363
0.00000  1.00000  0.38946
0.00001  1.00000  0.39530
0.00000  1.00000  0.40115
0.00000  1.00000  0.40698
0.00000  1.00000  0.41283
0.00001  1.00000  0.41866
0.00000  1.00000  0.42450
0.00000  1.00000  0.43035
0.00000  1.00000  0.43619
0.00001  1.00000  0.44204
0.00000  1.00000  0.44787
0.00000  1.00000  0.45372
0.00000  1.00000  0.45957
0.00001  1.00000  0.46540
0.00000  1.00000  0.47126
0.00000  1.00000  0.47710
0.00000  1.00000  0.48294
0.00001  1.00000  0.48878
0.00000  1.00000  0.49462
0.00000  1.00000  0.50045
0.00000  1.00000  0.50629
0.00001  1.00000  0.51213
0.00000  1.00000  0.51798
0.00000  1.00000  0.52383
0.00000  1.00000  0.52967
0.00001  1.00000  0.53551
0.00000  1.00000  0.54135
0.00000  1.00000  0.54720
0.00000  1.00000  0.55304
0.00001  1.00000  0.55888
0.00000  1.00000  0.56472
0.00000  1.00000  0.57057
0.00000  1.00000  0.57643
0.00001  1.00000  0.58225
0.00000  1.00000  0.58809
0.00000  1.00000  0.59394
0.00000  1.00000  0.59978
0.00001  1.00000  0.60561
0.00000  1.00000  0.61146
0.00000  1.00000  0.61730
0.00000  1.00000  0.62315
0.00001  1.00000  0.62899
0.00000  1.00000  0.63483
0.00000  1.00000  0.64068
0.00000  1.00000  0.64652
0.00001  1.00000  0.65236
0.00000  1.00000  0.65820
0.00000  1.00000  0.66405
0.00000  1.00000  0.66989
0.00001  1.00000  0.67573
0.00000  1.00000  0.68156
0.00000  1.00000  0.68741
0.00000  1.00000  0.69325
0.00001  1.00000  0.69908
0.00000  1.00000  0.70493
0.00000  1.00000  0.71078
0.00000  1.00000  0.71663
0.00001  1.00000  0.72246
0.00000  1.00000  0.72830
0.00000  1.00000  0.73415
0.00000  1.00000  0.74000
0.00000  1.00000  0.74583
0.00000  1.00000  0.75168
0.00000  1.00000  0.75752
0.00000  1.00000  0.76336
0.00000  1.00000  0.76919
0.00000  1.00000  0.77504
0.00001  1.00000  0.78088
0.00000  1.00000  0.78673
0.00000  1.00000  0.79256
0.00000  1.00000  0.79841
0.00001  1.00000  0.80426
0.00001  1.00000  0.81010
0.00000  1.00000  0.81594
0.00000  1.00000  0.82178
0.00002  1.00000  0.82762
0.00002  1.00000  0.83347
0.00000  1.00000  0.83931
0.00000  1.00000  0.84515
0.00003  1.00000  0.85099
0.00003  1.00000  0.85684
0.00000  1.00000  0.86268
0.00000  1.00000  0.86852
0.00004  1.00000  0.87436
0.00004  1.00000  0.88020
0.00000  1.00000  0.88604
0.00000  1.00000  0.89188
0.00006  1.00000  0.89773
0.00006  1.00000  0.90357
0.00000  1.00000  0.90941
0.00000  1.00000  0.91525
0.00008  1.00000  0.92110
0.00009  1.00000  0.92694
0.00000  1.00000  0.93278
0.00000  1.00000  0.93863
0.00012  1.00000  0.94447
0.00012  1.00000  0.95031
0.00000  1.00000  0.95615
0.00000  1.00000  0.96199
0.00000  1.00000  0.96785
0.00000  1.00000  0.97368
0.00000  1.00000  0.97954
0.00000  1.00000  0.98556
0.00000  1.00000  0.99156
0.00000  1.00000  0.99729
0.00500  0.99908  1.00000
0.00784  0.99431  1.00000
0.00494  0.98727  1.00000
0.00099  0.97988  1.00000
0.00000  0.97375  1.00000
0.00000  0.96791  1.00000
0.00020  0.96206  1.00000
0.00026  0.95622  1.00000
0.00000  0.95038  1.00000
0.00000  0.94454  1.00000
0.00034  0.93869  1.00000
0.00038  0.93285  1.00000
0.00000  0.92701  1.00000
0.00000  0.92117  1.00000
0.00049  0.91531  0.99999
0.00056  0.90947  0.99999
0.00000  0.90364  1.00000
0.00000  0.89780  1.00000
0.00075  0.89195  0.99998
0.00084  0.88611  0.99998
0.00000  0.88027  1.00000
0.00000  0.87443  1.00000
0.00074  0.86859  0.99998
0.00099  0.86274  0.99998
0.00000  0.85691  1.00000
0.00000  0.85108  1.00000
0.00000  0.84523  1.00000
0.00000  0.83938  1.00000
0.00009  0.83354  0.99999
0.00000  0.82770  1.00000
0.00000  0.82187  1.00000
0.00000  0.81602  1.00000
0.00089  0.81015  0.99996
0.00110  0.80431  0.99995
0.00000  0.79847  1.00000
0.00000  0.79264  1.00000
0.00055  0.78679  0.99997
0.00067  0.78094  0.99997
0.00000  0.77511  1.00000
0.00000  0.76927  1.00000
0.00036  0.76342  0.99998
0.00044  0.75758  0.99998
0.00000  0.75175  1.00000
0.00000  0.74590  1.00000
0.00024  0.74006  0.99998
0.00030  0.73422  0.99998
0.00000  0.72837  1.00000
0.00000  0.72253  1.00000
0.00016  0.71669  0.99999
0.00020  0.71085  0.99998
0.00000  0.70500  1.00000
0.00000  0.69916  1.00000
0.00010  0.69332  0.99999
0.00013  0.68748  0.99999
0.00000  0.68163  1.00000
0.00000  0.67580  1.00000
0.00006  0.66996  0.99999
0.00008  0.66412  0.99999
0.00000  0.65827  1.00000
0.00000  0.65243  1.00000
0.00003  0.64659  0.99999
0.00004  0.64074  0.99999
0.00001  0.63490  1.00000
0.00000  0.62905  1.00000
0.00001  0.62322  1.00000
0.00001  0.61737  0.99999
0.00001  0.61153  1.00000
0.00001  0.60568  1.00000
0.00000  0.59985  1.00000
0.00000  0.59401  1.00000
0.00001  0.58816  1.00000
0.00002  0.58232  1.00000
0.00000  0.57649  1.00000
0.00000  0.57064  1.00000
0.00001  0.56479  1.00000
0.00003  0.55895  1.00000
0.00000  0.55310  1.00000
0.00000  0.54727  1.00000
0.00001  0.54142  1.00000
0.00004  0.53557  1.00000
0.00000  0.52974  1.00000
0.00000  0.52390  1.00000
0.00001  0.51805  1.00000
0.00004  0.51220  1.00000
0.00000  0.50636  1.00000
0.00000  0.50052  1.00000
0.00001  0.49469  1.00000
0.00004  0.48885  1.00000
0.00000  0.48301  1.00000
0.00000  0.47717  1.00000
0.00000  0.47133  1.00000
0.00004  0.46547  1.00000
0.00000  0.45964  1.00000
0.00000  0.45379  1.00000
0.00001  0.44794  1.00000
0.00004  0.44210  1.00000
0.00000  0.43626  1.00000
0.00000  0.43042  1.00000
0.00001  0.42457  1.00000
0.00004  0.41873  1.00000
0.00000  0.41290  1.00000
0.00000  0.40705  1.00000
0.00000  0.40122  1.00000
0.00004  0.39537  1.00000
0.00000  0.38953  1.00000
0.00000  0.38369  1.00000
0.00000  0.37784  1.00000
0.00004  0.37199  1.00000
0.00000  0.36617  1.00000
0.00000  0.36032  1.00000
0.00000  0.35448  1.00000
0.00004  0.34863  1.00000
0.00000  0.34280  1.00000
0.00000  0.33695  1.00000
0.00000  0.33108  1.00000
0.00004  0.32523  1.00000
0.00000  0.31941  1.00000
0.00000  0.31357  1.00000
0.00000  0.30771  1.00000
0.00004  0.30187  1.00000
0.00000  0.29605  1.00000
0.00000  0.29020  1.00000
0.00000  0.28435  1.00000
0.00003  0.27851  1.00000
0.00000  0.27267  1.00000
0.00000  0.26684  1.00000
0.00000  0.26100  1.00000
0.00003  0.25518  1.00000
0.00000  0.24933  1.00000
0.00000  0.24347  1.00000
0.00000  0.23764  1.00000
0.00003  0.23178  1.00000
0.00000  0.22595  1.00000
0.00000  0.22011  1.00000
0.00000  0.21426  1.00000
0.00003  0.20841  1.00000
0.00000  0.20258  1.00000
0.00000  0.19677  1.00000
0.00000  0.19089  1.00000
0.00003  0.18506  1.00000
0.00000  0.17922  1.00000
0.00000  0.17337  1.00000
0.00000  0.16751  1.00000
0.00002  0.16167  1.00000
0.00000  0.15583  1.00000
0.00000  0.15001  1.00000
0.00000  0.14414  1.00000
0.00002  0.13830  1.00000
0.00000  0.13247  1.00000
0.00000  0.12662  1.00000
0.00000  0.12073  1.00000
0.00002  0.11485  1.00000
0.00000  0.10909  1.00000
0.00000  0.10330  1.00000
0.00000  0.09743  1.00000
0.00001  0.09162  1.00000
0.00000  0.08573  1.00000
0.00000  0.07994  1.00000
0.00000  0.07407  1.00000
0.00001  0.06814  1.00000
0.00000  0.06235  1.00000
0.00000  0.05668  1.00000
0.00001  0.05089  1.00000
0.00002  0.04508  1.00000
0.00000  0.03899  1.00000
0.00000  0.03257  1.00000
0.00000  0.02646  1.00000
0.00000  0.02073  1.00000
0.00000  0.01563  1.00000
0.00079  0.01048  1.00000
0.00169  0.00571  1.00000
0.00368  0.00192  1.00000
0.00775  0.00001  1.00000
0.01348  0.00000  0.99994
0.01920  0.00000  0.99995
0.02508  0.00000  0.99998
0.03111  0.00000  1.00000
0.03733  0.00000  1.00000
0.04313  0.00000  1.00000
0.04896  0.00000  1.00000
0.05449  0.00000  1.00000
0.06033  0.00000  1.00000
0.06621  0.00000  1.00000
0.07210  0.00000  1.00000
0.07786  0.00000  1.00000
0.08370  0.00000  1.00000
0.08957  0.00000  1.00000
0.09545  0.00000  1.00000
0.10122  0.00000  1.00000
0.10706  0.00000  1.00000
0.11294  0.00000  1.00000
0.11880  0.00000  1.00000
0.12458  0.00000  1.00000
0.13045  0.00000  1.00000
0.13625  0.00000  1.00000
0.14216  0.00000  1.00000
0.14798  0.00000  1.00000
0.15378  0.00000  1.00000
0.15963  0.00000  1.00000
0.16549  0.00000  1.00000
0.17134  0.00000  1.00000
0.17717  0.00000  1.00000
0.18300  0.00000  1.00000
0.18888  0.00000  1.00000
0.19472  0.00000  1.00000
0.20050  0.00000  1.00000
0.20640  0.00000  1.00000
0.21224  0.00000  1.00000
0.21807  0.00000  1.00000
0.22388  0.00000  1.00000
0.22972  0.00000  1.00000
0.23561  0.00000  1.00000
0.24144  0.00000  1.00000
0.24727  0.00000  1.00000
0.25312  0.00000  1.00000
0.25898  0.00000  1.00000
0.26480  0.00000  1.00000
0.27065  0.00000  1.00000
0.27649  0.00000  1.00000
0.28234  0.00000  1.00000
0.28816  0.00000  1.00000
0.29399  0.00000  1.00000
0.29985  0.00000  1.00000
0.30572  0.00000  1.00000
0.31154  0.00000  1.00000
0.31739  0.00000  1.00000
0.32323  0.00000  1.00000
0.32909  0.00000  1.00000
0.33493  0.00000  1.00000
0.34075  0.00000  1.00000
0.34659  0.00000  1.00000
0.35244  0.00000  1.00000
0.35828  0.00000  1.00000
0.36411  0.00000  1.00000
0.36996  0.00000  1.00000
0.37580  0.00000  1.00000
0.38164  0.00000  1.00000
0.38747  0.00000  1.00000
0.39332  0.00000  1.00000
0.39916  0.00000  1.00000
0.40501  0.00000  1.00000
0.41085  0.00000  1.00000
0.41670  0.00000  1.00000
0.42253  0.00000  1.00000
0.42839  0.00000  1.00000
0.43422  0.00000  1.00000
0.44007  0.00000  1.00000
0.44591  0.00000  1.00000
0.45176  0.00000  1.00000
0.45759  0.00000  1.00000
0.46343  0.00000  1.00000
0.46929  0.00000  1.00000
0.47513  0.00000  1.00000
0.48095  0.00000  1.00000
0.48680  0.00000  1.00000
0.49265  0.00000  1.00000
0.49850  0.00000  1.00000
0.50434  0.00000  1.00000
0.51017  0.00000  1.00000
0.51601  0.00000  1.00000
0.52185  0.00000  1.00000
0.52769  0.00000  1.00000
0.53353  0.00000  1.00000
0.53938  0.00000  1.00000
0.54523  0.00000  1.00000
0.55107  0.00000  1.00000
0.55692  0.00000  1.00000
0.56276  0.00000  1.00000
0.56859  0.00000  1.00000
0.57443  0.00000  1.00000
0.58028  0.00000  1.00000
0.58612  0.00000  1.00000
0.59197  0.00000  1.00000
0.59780  0.00000  1.00000
0.60365  0.00000  1.00000
0.60949  0.00000  1.00000
0.61533  0.00000  1.00000
0.62118  0.00000  1.00000
0.62702  0.00000  1.00000
0.63286  0.00000  1.00000
0.63871  0.00000  1.00000
0.64454  0.00000  1.00000
0.65039  0.00000  1.00000
0.65623  0.00000  1.00000
0.66207  0.00000  1.00000
0.66791  0.00000  1.00000
0.67375  0.00000  1.00000
0.67959  0.00000  1.00000
0.68544  0.00000  1.00000
0.69128  0.00000  1.00000
0.69712  0.00000  1.00000
0.70297  0.00000  1.00000
0.70881  0.00000  1.00000
0.71464  0.00000  1.00000
0.72049  0.00000  1.00000
0.72634  0.00000  1.00000
0.73218  0.00000  1.00000
0.73802  0.00000  1.00000
0.74386  0.00000  1.00000
0.74970  0.00000  1.00000
0.75554  0.00000  1.00000
0.76138  0.00000  1.00000
0.76722  0.00000  1.00000
0.77307  0.00000  1.00000
0.77891  0.00000  1.00000
0.78476  0.00000  1.00000
0.79060  0.00000  1.00000
0.79644  0.00000  1.00000
0.80228  0.00000  1.00000
0.80813  0.00000  1.00000
0.81397  0.00000  1.00000
0.81981  0.00000  1.00000
0.82566  0.00000  1.00000
0.83150  0.00000  1.00000
0.83734  0.00000  1.00000
0.84318  0.00000  1.00000
0.84902  0.00000  1.00000
0.85486  0.00000  1.00000
0.86070  0.00000  1.00000
0.86654  0.00000  1.00000
0.87239  0.00000  1.00000
0.87823  0.00000  1.00000
0.88408  0.00000  1.00000
0.88992  0.00000  1.00000
0.89576  0.00001  1.00000
0.90160  0.00000  1.00000
0.90745  0.00000  1.00000
0.91329  0.00001  1.00000
0.91913  0.00001  1.00000
0.92497  0.00000  1.00000
0.93081  0.00000  1.00000
0.93665  0.00001  1.00000
0.94249  0.00001  1.00000
0.94833  0.00000  1.00000
0.95418  0.00000  1.00000
0.96003  0.00000  1.00000
0.96587  0.00000  1.00000
0.97180  0.00047  1.00000
0.97819  0.00272  1.00000
0.98448  0.00446  1.00000
0.98995  0.00292  1.00000
0.99400  0.00000  0.99895
0.99678  0.00000  0.99589
0.99859  0.00000  0.99184
0.99966  0.00038  0.98706
1.00000  0.00000  0.98177
1.00000  0.00000  0.97604
1.00000  0.00000  0.97007
1.00000  0.00000  0.96406
1.00000  0.00000  0.95819
1.00000  0.00000  0.95235
1.00000  0.00000  0.94650
1.00000  0.00000  0.94066
1.00000  0.00000  0.93482
1.00000  0.00000  0.92897
1.00000  0.00000  0.92313
1.00000  0.00000  0.91729
1.00000  0.00000  0.91145
1.00000  0.00000  0.90561
1.00000  0.00000  0.89977
1.00000  0.00000  0.89393
1.00000  0.00000  0.88809
1.00000  0.00000  0.88225
1.00000  0.00000  0.87640
1.00000  0.00000  0.87056
1.00000  0.00000  0.86472
1.00000  0.00000  0.85887
1.00000  0.00000  0.85303
1.00000  0.00000  0.84719
1.00000  0.00000  0.84135
1.00000  0.00000  0.83551
1.00000  0.00000  0.82966
1.00000  0.00000  0.82381
1.00000  0.00000  0.81798
1.00000  0.00000  0.81214
1.00000  0.00000  0.80630
1.00000  0.00000  0.80046
1.00000  0.00000  0.79462
1.00000  0.00000  0.78878
1.00000  0.00000  0.78293
1.00000  0.00001  0.77709
1.00000  0.00000  0.77125
1.00000  0.00000  0.76541
1.00000  0.00001  0.75955
1.00000  0.00001  0.75371
1.00000  0.00000  0.74788
1.00000  0.00000  0.74203
1.00000  0.00001  0.73618
1.00000  0.00001  0.73034
1.00000  0.00000  0.72450
1.00000  0.00000  0.71866
1.00000  0.00001  0.71281
1.00000  0.00001  0.70698
1.00000  0.00000  0.70114
1.00000  0.00000  0.69530
1.00000  0.00001  0.68946
1.00000  0.00002  0.68361
1.00000  0.00000  0.67778
1.00000  0.00000  0.67193
1.00000  0.00001  0.66608
1.00000  0.00002  0.66023
1.00000  0.00000  0.65439
1.00000  0.00000  0.64855
1.00000  0.00002  0.64270
1.00000  0.00003  0.63686
1.00000  0.00000  0.63103
1.00000  0.00000  0.62518
1.00000  0.00002  0.61935
1.00000  0.00003  0.61349
1.00000  0.00000  0.60767
1.00000  0.00000  0.60182
1.00000  0.00002  0.59597
1.00000  0.00004  0.59012
1.00000  0.00000  0.58429
1.00000  0.00000  0.57844
1.00000  0.00003  0.57260
0.99999  0.00006  0.56676
1.00000  0.00000  0.56091
1.00000  0.00000  0.55507
1.00000  0.00004  0.54923
0.99999  0.00007  0.54339
1.00000  0.00000  0.53755
1.00000  0.00000  0.53171
0.99999  0.00006  0.52587
0.99999  0.00010  0.52003
1.00000  0.00000  0.51420
1.00000  0.00000  0.50836
0.99999  0.00010  0.50250
0.99998  0.00016  0.49665
1.00000  0.00000  0.49083
1.00000  0.00000  0.48497
1.00000  0.00000  0.47913
1.00000  0.00001  0.47327
1.00000  0.00000  0.46745
1.00000  0.00000  0.46160
1.00000  0.00000  0.45575
1.00000  0.00000  0.44991
0.99999  0.00006  0.44408
0.99999  0.00011  0.43824
1.00000  0.00000  0.43241
1.00000  0.00000  0.42655
0.99999  0.00005  0.42072
0.99999  0.00013  0.41488
1.00000  0.00002  0.40903
1.00000  0.00000  0.40318
1.00000  0.00004  0.39734
0.99999  0.00009  0.39151
1.00000  0.00001  0.38565
1.00000  0.00000  0.37981
1.00000  0.00003  0.37398
0.99999  0.00007  0.36813
1.00000  0.00000  0.36229
1.00000  0.00000  0.35645
1.00000  0.00002  0.35061
0.99999  0.00005  0.34476
1.00000  0.00000  0.33893
1.00000  0.00000  0.33309
1.00000  0.00001  0.32723
1.00000  0.00004  0.32140
1.00000  0.00000  0.31556
1.00000  0.00000  0.30972
1.00000  0.00001  0.30386
1.00000  0.00003  0.29802
1.00000  0.00000  0.29218
1.00000  0.00000  0.28633
1.00000  0.00001  0.28049
1.00000  0.00002  0.27466
1.00000  0.00000  0.26883
1.00000  0.00000  0.26298
1.00000  0.00000  0.25714
1.00000  0.00002  0.25130
1.00000  0.00000  0.24543
1.00000  0.00000  0.23959
1.00000  0.00000  0.23374
1.00000  0.00001  0.22793
1.00000  0.00000  0.22206
1.00000  0.00000  0.21624
1.00000  0.00000  0.21039
1.00000  0.00000  0.20456
1.00000  0.00000  0.19868
1.00000  0.00000  0.19283
1.00000  0.00000  0.18700
1.00000  0.00000  0.18114
1.00000  0.00000  0.17530
1.00000  0.00000  0.16948
1.00000  0.00000  0.16365
1.00000  0.00000  0.15779
1.00000  0.00000  0.15193
1.00000  0.00001  0.14610
1.00000  0.00000  0.14027
1.00000  0.00000  0.13447
1.00000  0.00000  0.12859
1.00000  0.00001  0.12272
1.00000  0.00000  0.11693
1.00000  0.00000  0.11113
1.00000  0.00000  0.10521
1.00000  0.00001  0.09936
1.00000  0.00000  0.09353
1.00000  0.00000  0.08776
1.00000  0.00000  0.08190
1.00000  0.00001  0.07595
1.00000  0.00000  0.07018
1.00000  0.00000  0.06442
1.00000  0.00000  0.05857
1.00000  0.00001  0.05265
1.00000  0.00000  0.04681
1.00000  0.00001  0.04076
0.99999  0.00004  0.03449
0.99999  0.00006  0.02871
1.00000  0.00000  0.02344
