256
0.00000  0.00000  0.00000
0.00556  0.00556  0.00556
0.01121  0.01122  0.01122
0.01688  0.01688  0.01688
0.02244  0.02245  0.02244
0.02800  0.02801  0.02801
0.03354  0.03355  0.03355
0.03932  0.03933  0.03933
0.04470  0.04472  0.04471
0.04970  0.04971  0.04971
0.05432  0.05434  0.05434
0.05880  0.05882  0.05882
0.06304  0.06306  0.06306
0.06700  0.06702  0.06701
0.07083  0.07085  0.07085
0.07449  0.07451  0.07450
0.07797  0.07799  0.07799
0.08145  0.08148  0.08147
0.08473  0.08475  0.08475
0.08791  0.08794  0.08793
0.09100  0.09103  0.09102
0.09400  0.09403  0.09403
0.09698  0.09701  0.09700
0.10004  0.10007  0.10006
0.10311  0.10314  0.10314
0.10618  0.10621  0.10620
0.10924  0.10928  0.10927
0.11232  0.11235  0.11234
0.11538  0.11541  0.11540
0.11852  0.11855  0.11854
0.12157  0.12160  0.12159
0.12471  0.12474  0.12473
0.12787  0.12790  0.12789
0.13102  0.13105  0.13105
0.13418  0.13421  0.13420
0.13734  0.13738  0.13737
0.14051  0.14055  0.14054
0.14370  0.14373  0.14372
0.14687  0.14691  0.14690
0.15011  0.15015  0.15014
0.15329  0.15333  0.15332
0.15656  0.15659  0.15659
0.15975  0.15979  0.15978
0.16304  0.16308  0.16307
0.16628  0.16632  0.16631
0.16957  0.16961  0.16960
0.17281  0.17286  0.17285
0.17608  0.17612  0.17611
0.17940  0.17944  0.17943
0.18269  0.18273  0.18272
0.18604  0.18608  0.18607
0.18934  0.18939  0.18938
0.19267  0.19272  0.19271
0.19602  0.19607  0.19606
0.19934  0.19939  0.19938
0.20271  0.20276  0.20275
0.20611  0.20616  0.20615
0.20946  0.20951  0.20950
0.21284  0.21289  0.21288
0.21626  0.21632  0.21630
0.21965  0.21970  0.21969
0.22307  0.22312  0.22311
0.22649  0.22654  0.22653
0.22988  0.22994  0.22992
0.23332  0.23337  0.23336
0.23680  0.23685  0.23684
0.24022  0.24027  0.24026
0.24368  0.24373  0.24372
0.24716  0.24722  0.24720
0.25063  0.25069  0.25067
0.25412  0.25418  0.25417
0.25760  0.25766  0.25765
0.26111  0.26117  0.26115
0.26461  0.26467  0.26465
0.26812  0.26818  0.26817
0.27164  0.27170  0.27168
0.27518  0.27525  0.27523
0.27872  0.27879  0.27877
0.28227  0.28234  0.28232
0.28580  0.28587  0.28585
0.28938  0.28945  0.28943
0.29294  0.29300  0.29298
0.29652  0.29659  0.29657
0.30009  0.30016  0.30014
0.30368  0.30375  0.30373
0.30728  0.30734  0.30733
0.31090  0.31096  0.31095
0.31449  0.31456  0.31454
0.31811  0.31819  0.31817
0.32173  0.32181  0.32179
0.32536  0.32543  0.32542
0.32902  0.32909  0.32907
0.33267  0.33274  0.33272
0.33630  0.33638  0.33636
0.33997  0.34005  0.34003
0.34363  0.34370  0.34369
0.34731  0.34739  0.34737
0.35099  0.35107  0.35105
0.35468  0.35476  0.35474
0.35836  0.35844  0.35842
0.36207  0.36214  0.36212
0.36577  0.36585  0.36583
0.36948  0.36956  0.36954
0.37319  0.37328  0.37326
0.37693  0.37701  0.37699
0.38066  0.38074  0.38072
0.38439  0.38447  0.38445
0.38814  0.38822  0.38820
0.39189  0.39197  0.39195
0.39565  0.39574  0.39572
0.39940  0.39949  0.39946
0.40318  0.40327  0.40325
0.40695  0.40704  0.40702
0.41074  0.41083  0.41081
0.41452  0.41461  0.41459
0.41831  0.41840  0.41838
0.42211  0.42220  0.42218
0.42592  0.42601  0.42599
0.42974  0.42983  0.42981
0.43355  0.43364  0.43362
0.43739  0.43748  0.43746
0.44121  0.44131  0.44128
0.44505  0.44515  0.44512
0.44890  0.44900  0.44897
0.45275  0.45284  0.45282
0.45659  0.45669  0.45667
0.46045  0.46055  0.46052
0.46433  0.46443  0.46441
0.46819  0.46829  0.46826
0.47208  0.47218  0.47215
0.47596  0.47606  0.47603
0.47985  0.47995  0.47992
0.48373  0.48383  0.48381
0.48764  0.48775  0.48772
0.49155  0.49165  0.49163
0.49545  0.49556  0.49553
0.49936  0.49947  0.49944
0.50329  0.50339  0.50337
0.50722  0.50733  0.50730
0.51115  0.51126  0.51123
0.51509  0.51520  0.51517
0.51904  0.51915  0.51912
0.52299  0.52310  0.52307
0.52695  0.52706  0.52703
0.53090  0.53101  0.53099
0.53487  0.53498  0.53495
0.53884  0.53895  0.53893
0.54282  0.54293  0.54290
0.54680  0.54691  0.54688
0.55078  0.55090  0.55087
0.55478  0.55489  0.55486
0.55877  0.55888  0.55886
0.56278  0.56290  0.56287
0.56679  0.56691  0.56688
0.57079  0.57091  0.57088
0.57481  0.57493  0.57490
0.57884  0.57896  0.57893
0.58286  0.58298  0.58295
0.58690  0.58702  0.58699
0.59094  0.59106  0.59103
0.59498  0.59510  0.59507
0.59903  0.59916  0.59913
0.60309  0.60321  0.60318
0.60715  0.60728  0.60724
0.61121  0.61134  0.61131
0.61527  0.61540  0.61537
0.61936  0.61948  0.61945
0.62343  0.62356  0.62353
0.62751  0.62764  0.62761
0.63160  0.63173  0.63170
0.63569  0.63583  0.63579
0.63980  0.63993  0.63989
0.64389  0.64402  0.64399
0.64800  0.64813  0.64810
0.65212  0.65225  0.65222
0.65624  0.65637  0.65634
0.66035  0.66049  0.66045
0.66448  0.66461  0.66458
0.66862  0.66875  0.66872
0.67275  0.67289  0.67286
0.67690  0.67703  0.67700
0.68103  0.68117  0.68114
0.68519  0.68533  0.68530
0.68935  0.68949  0.68945
0.69350  0.69364  0.69361
0.69766  0.69781  0.69777
0.70183  0.70197  0.70194
0.70601  0.70616  0.70612
0.71019  0.71033  0.71030
0.71437  0.71451  0.71448
0.71855  0.71870  0.71867
0.72274  0.72289  0.72286
0.72694  0.72709  0.72706
0.73114  0.73129  0.73126
0.73535  0.73550  0.73546
0.73957  0.73972  0.73968
0.74378  0.74393  0.74389
0.74800  0.74815  0.74811
0.75222  0.75237  0.75233
0.75644  0.75660  0.75656
0.76068  0.76083  0.76079
0.76492  0.76507  0.76503
0.76915  0.76931  0.76927
0.77340  0.77355  0.77351
0.77765  0.77781  0.77777
0.78191  0.78206  0.78202
0.78616  0.78632  0.78628
0.79042  0.79058  0.79054
0.79469  0.79485  0.79481
0.79896  0.79913  0.79909
0.80323  0.80340  0.80336
0.80752  0.80768  0.80764
0.81180  0.81196  0.81192
0.81609  0.81626  0.81621
0.82038  0.82054  0.82050
0.82467  0.82484  0.82480
0.82898  0.82915  0.82911
0.83328  0.83345  0.83341
0.83759  0.83776  0.83772
0.84191  0.84208  0.84204
0.84622  0.84639  0.84635
0.85054  0.85071  0.85067
0.85487  0.85504  0.85500
0.85920  0.85937  0.85933
0.86354  0.86371  0.86367
0.86787  0.86805  0.86801
0.87222  0.87239  0.87235
0.87656  0.87673  0.87669
0.88091  0.88109  0.88104
0.88527  0.88544  0.88540
0.88962  0.88980  0.88976
0.89399  0.89417  0.89412
0.89835  0.89853  0.89849
0.90272  0.90291  0.90286
0.90710  0.90728  0.90724
0.91148  0.91166  0.91161
0.91585  0.91604  0.91599
0.92024  0.92043  0.92038
0.92463  0.92482  0.92477
0.92903  0.92921  0.92917
0.93342  0.93361  0.93356
0.93783  0.93802  0.93797
0.94224  0.94243  0.94238
0.94664  0.94683  0.94679
0.95106  0.95125  0.95120
0.95548  0.95567  0.95562
0.95990  0.96009  0.96004
0.96432  0.96451  0.96446
0.96875  0.96894  0.96890
0.97318  0.97338  0.97333
0.97762  0.97781  0.97777
0.98206  0.98226  0.98221
0.98651  0.98670  0.98666
0.99095  0.99115  0.99110
0.99540  0.99560  0.99555
0.99986  1.00000  1.00000
