256
0.24220  0.15040  0.66030
0.24440  0.15340  0.67280
0.24640  0.15690  0.68470
0.24840  0.16070  0.69610
0.25030  0.16480  0.70710
0.25220  0.16890  0.71790
0.25400  0.17320  0.72860
0.25580  0.17730  0.73930
0.25760  0.18140  0.75010
0.25940  0.18540  0.76100
0.26110  0.18930  0.77190
0.26280  0.19320  0.78280
0.26450  0.19720  0.79370
0.26610  0.20110  0.80430
0.26760  0.20520  0.81480
0.26910  0.20940  0.82490
0.27040  0.21380  0.83460
0.27170  0.21840  0.84390
0.27290  0.22310  0.85280
0.27400  0.22800  0.86120
0.27490  0.23300  0.86920
0.27580  0.23820  0.87670
0.27660  0.24350  0.88400
0.27740  0.24890  0.89080
0.27810  0.25430  0.89730
0.27880  0.25980  0.90350
0.27940  0.26530  0.90940
0.27980  0.27080  0.91500
0.28020  0.27640  0.92040
0.28060  0.28190  0.92550
0.28090  0.28750  0.93050
0.28110  0.29300  0.93520
0.28130  0.29850  0.93970
0.28140  0.30400  0.94410
0.28140  0.30950  0.94830
0.28130  0.31500  0.95240
0.28110  0.32040  0.95630
0.28090  0.32590  0.96000
0.28070  0.33130  0.96360
0.28030  0.33670  0.96700
0.27980  0.34210  0.97020
0.27910  0.34750  0.97330
0.27840  0.35290  0.97630
0.27760  0.35830  0.97910
0.27660  0.36380  0.98170
0.27540  0.36930  0.98400
0.27410  0.37480  0.98620
0.27260  0.38040  0.98810
0.27100  0.38600  0.98980
0.26910  0.39160  0.99120
0.26700  0.39730  0.99240
0.26470  0.40300  0.99350
0.26210  0.40880  0.99460
0.25910  0.41450  0.99550
0.25560  0.42030  0.99650
0.25170  0.42610  0.99740
0.24730  0.43190  0.99830
0.24240  0.43780  0.99910
0.23690  0.44370  0.99960
0.23110  0.44970  0.99950
0.22500  0.45590  0.99850
0.21890  0.46200  0.99680
0.21280  0.46820  0.99480
0.20660  0.47430  0.99260
0.20060  0.48030  0.99060
0.19500  0.48610  0.98870
0.19030  0.49190  0.98670
0.18690  0.49750  0.98440
0.18470  0.50300  0.98190
0.18310  0.50840  0.97930
0.18180  0.51380  0.97660
0.18060  0.51910  0.97380
0.17950  0.52440  0.97090
0.17850  0.52960  0.96770
0.17780  0.53490  0.96410
0.17730  0.54010  0.96020
0.17680  0.54520  0.95600
0.17640  0.55040  0.95160
0.17550  0.55540  0.94730
0.17400  0.56050  0.94320
0.17160  0.56550  0.93930
0.16860  0.57050  0.93570
0.16490  0.57550  0.93230
0.16100  0.58050  0.92890
0.15730  0.58540  0.92540
0.15400  0.59020  0.92180
0.15130  0.59500  0.91820
0.14920  0.59970  0.91470
0.14750  0.60430  0.91130
0.14610  0.60890  0.90800
0.14460  0.61350  0.90500
0.14290  0.61800  0.90220
0.14080  0.62260  0.89980
0.13830  0.62720  0.89750
0.13540  0.63170  0.89530
0.13210  0.63630  0.89320
0.12880  0.64080  0.89100
0.12530  0.64530  0.88870
0.12190  0.64970  0.88620
0.11850  0.65410  0.88340
0.11520  0.65840  0.88040
0.11190  0.66270  0.87700
0.10850  0.66690  0.87340
0.10480  0.67100  0.86950
0.10090  0.67500  0.86530
0.09640  0.67890  0.86090
0.09140  0.68280  0.85620
0.08550  0.68650  0.85130
0.07890  0.69020  0.84620
0.07130  0.69380  0.84090
0.06280  0.69720  0.83550
0.05350  0.70060  0.82990
0.04330  0.70390  0.82420
0.03280  0.70710  0.81830
0.02340  0.71030  0.81240
0.01550  0.71330  0.80640
0.00910  0.71630  0.80030
0.00460  0.71920  0.79410
0.00190  0.72200  0.78780
0.00090  0.72480  0.78150
0.00180  0.72750  0.77520
0.00460  0.73010  0.76880
0.00940  0.73270  0.76230
0.01620  0.73520  0.75580
0.02530  0.73760  0.74920
0.03690  0.74000  0.74260
0.05040  0.74230  0.73590
0.06380  0.74460  0.72920
0.07700  0.74680  0.72240
0.08990  0.74890  0.71560
0.10230  0.75100  0.70880
0.11410  0.75310  0.70190
0.12520  0.75520  0.69500
0.13540  0.75720  0.68810
0.14480  0.75930  0.68120
0.15320  0.76140  0.67410
0.16090  0.76350  0.66710
0.16780  0.76560  0.65990
0.17410  0.76780  0.65270
0.17990  0.76990  0.64540
0.18530  0.77210  0.63790
0.19050  0.77430  0.63030
0.19540  0.77650  0.62250
0.20030  0.77870  0.61460
0.20610  0.78080  0.60650
0.21180  0.78280  0.59830
0.21780  0.78490  0.58990
0.22440  0.78690  0.58130
0.23180  0.78870  0.57250
0.24010  0.79050  0.56360
0.24910  0.79220  0.55460
0.25890  0.79370  0.54540
0.26950  0.79510  0.53600
0.28090  0.79640  0.52660
0.29290  0.79750  0.51700
0.30520  0.79850  0.50740
0.31760  0.79940  0.49750
0.33010  0.80020  0.48760
0.34240  0.80090  0.47740
0.35480  0.80160  0.46690
0.36710  0.80210  0.45630
0.37950  0.80260  0.44540
0.39210  0.80290  0.43440
0.40500  0.80310  0.42330
0.41840  0.80300  0.41220
0.43220  0.80280  0.40130
0.44630  0.80240  0.39040
0.46080  0.80180  0.37970
0.47530  0.80110  0.36910
0.48990  0.80020  0.35860
0.50440  0.79930  0.34800
0.51870  0.79820  0.33740
0.53290  0.79700  0.32670
0.54700  0.79570  0.31590
0.56090  0.79430  0.30500
0.57480  0.79290  0.29410
0.58860  0.79130  0.28330
0.60240  0.78960  0.27260
0.61610  0.78780  0.26220
0.62970  0.78590  0.25210
0.64330  0.78390  0.24230
0.65670  0.78180  0.23290
0.67010  0.77960  0.22390
0.68330  0.77730  0.21550
0.69630  0.77500  0.20750
0.70910  0.77270  0.19980
0.72180  0.77030  0.19240
0.73440  0.76790  0.18520
0.74680  0.76540  0.17820
0.75900  0.76290  0.17170
0.77100  0.76040  0.16580
0.78290  0.75790  0.16080
0.79450  0.75540  0.15700
0.80600  0.75290  0.15460
0.81720  0.75050  0.15350
0.82810  0.74810  0.15360
0.83890  0.74570  0.15460
0.84950  0.74350  0.15640
0.86000  0.74130  0.15870
0.87030  0.73920  0.16150
0.88040  0.73720  0.16500
0.89030  0.73530  0.16950
0.90000  0.73360  0.17490
0.90930  0.73210  0.18150
0.91840  0.73080  0.18900
0.92720  0.72980  0.19730
0.93570  0.72900  0.20610
0.94400  0.72850  0.21510
0.95230  0.72840  0.22370
0.96060  0.72850  0.23120
0.96890  0.72920  0.23730
0.97700  0.73040  0.24180
0.98420  0.73300  0.24460
0.99000  0.73650  0.24290
0.99460  0.74070  0.23940
0.99660  0.74580  0.23510
0.99710  0.75130  0.23090
0.99720  0.75690  0.22670
0.99710  0.76260  0.22240
0.99690  0.76830  0.21810
0.99660  0.77400  0.21380
0.99620  0.77980  0.20950
0.99570  0.78560  0.20530
0.99490  0.79150  0.20120
0.99380  0.79740  0.19740
0.99230  0.80340  0.19390
0.99060  0.80950  0.19060
0.98850  0.81560  0.18750
0.98610  0.82180  0.18460
0.98350  0.82800  0.18170
0.98070  0.83420  0.17870
0.97780  0.84040  0.17570
0.97480  0.84670  0.17260
0.97200  0.85290  0.16950
0.96940  0.85910  0.16650
0.96710  0.86540  0.16360
0.96510  0.87160  0.16080
0.96340  0.87780  0.15820
0.96190  0.88400  0.15570
0.96080  0.89020  0.15320
0.96010  0.89630  0.15070
0.95960  0.90230  0.14800
0.95950  0.90840  0.14500
0.95970  0.91430  0.14180
0.96010  0.92030  0.13820
0.96080  0.92620  0.13440
0.96180  0.93200  0.13040
0.96290  0.93790  0.12610
0.96420  0.94370  0.12160
0.96570  0.94940  0.11680
0.96740  0.95520  0.11160
0.96920  0.96090  0.10610
0.97110  0.96670  0.10010
0.97300  0.97240  0.09380
0.97490  0.97820  0.08720
0.97690  0.98390  0.08050
