256
0.00000  0.20387  0.96251
0.00000  0.21524  0.95140
0.00000  0.22613  0.94031
0.00000  0.23654  0.92923
0.00000  0.24654  0.91817
0.00000  0.25620  0.90712
0.00000  0.26557  0.89608
0.00000  0.27465  0.88506
0.00000  0.28348  0.87405
0.00000  0.29209  0.86305
0.00000  0.30047  0.85206
0.00000  0.30870  0.84109
0.00000  0.31672  0.83013
0.00000  0.32458  0.81917
0.00000  0.33232  0.80823
0.00000  0.33990  0.79730
0.00000  0.34736  0.78638
0.00000  0.35470  0.77546
0.00000  0.36191  0.76456
0.00000  0.36902  0.75367
0.00000  0.37602  0.74280
0.00000  0.38291  0.73193
0.00000  0.38969  0.72108
0.00000  0.39636  0.71026
0.00000  0.40292  0.69946
0.00000  0.40934  0.68872
0.00000  0.41561  0.67802
0.00000  0.42172  0.66738
0.00000  0.42768  0.65684
0.00000  0.43342  0.64639
0.00000  0.43896  0.63605
0.00000  0.44432  0.62583
0.00000  0.44945  0.61575
0.00000  0.45438  0.60579
0.00000  0.45911  0.59597
0.00434  0.46367  0.58627
0.02962  0.46807  0.57668
0.05580  0.47235  0.56717
0.07706  0.47652  0.55774
0.09529  0.48061  0.54837
0.11119  0.48465  0.53903
0.12530  0.48865  0.52971
0.13799  0.49262  0.52040
0.14937  0.49658  0.51110
0.15963  0.50055  0.50179
0.16900  0.50452  0.49244
0.17747  0.50849  0.48309
0.18517  0.51246  0.47370
0.19217  0.51645  0.46429
0.19856  0.52046  0.45483
0.20443  0.52448  0.44531
0.20974  0.52851  0.43577
0.21461  0.53255  0.42616
0.21905  0.53661  0.41651
0.22309  0.54066  0.40679
0.22674  0.54474  0.39700
0.23002  0.54883  0.38713
0.23300  0.55292  0.37720
0.23568  0.55703  0.36716
0.23802  0.56114  0.35704
0.24006  0.56526  0.34678
0.24185  0.56939  0.33640
0.24334  0.57354  0.32588
0.24458  0.57769  0.31523
0.24556  0.58185  0.30439
0.24630  0.58603  0.29336
0.24680  0.59019  0.28214
0.24707  0.59438  0.27067
0.24714  0.59856  0.25896
0.24703  0.60275  0.24696
0.24679  0.60693  0.23473
0.24647  0.61109  0.22216
0.24615  0.61523  0.20936
0.24595  0.61936  0.19632
0.24600  0.62342  0.18304
0.24644  0.62742  0.16969
0.24748  0.63135  0.15630
0.24925  0.63518  0.14299
0.25196  0.63890  0.13001
0.25570  0.64249  0.11741
0.26057  0.64594  0.10557
0.26659  0.64926  0.09470
0.27372  0.65242  0.08490
0.28182  0.65545  0.07649
0.29078  0.65835  0.06975
0.30043  0.66113  0.06451
0.31061  0.66383  0.06086
0.32112  0.66642  0.05872
0.33186  0.66896  0.05769
0.34272  0.67144  0.05769
0.35356  0.67388  0.05844
0.36439  0.67628  0.05974
0.37512  0.67866  0.06114
0.38575  0.68102  0.06297
0.39627  0.68337  0.06476
0.40666  0.68571  0.06666
0.41692  0.68803  0.06864
0.42707  0.69034  0.07051
0.43709  0.69266  0.07242
0.44701  0.69494  0.07436
0.45683  0.69723  0.07621
0.46657  0.69950  0.07809
0.47621  0.70177  0.08000
0.48577  0.70403  0.08194
0.49527  0.70629  0.08378
0.50470  0.70853  0.08556
0.51405  0.71076  0.08750
0.52335  0.71298  0.08932
0.53259  0.71520  0.09117
0.54176  0.71740  0.09293
0.55090  0.71960  0.09484
0.55999  0.72178  0.09657
0.56902  0.72396  0.09844
0.57802  0.72613  0.10023
0.58698  0.72828  0.10204
0.59590  0.73044  0.10385
0.60479  0.73258  0.10564
0.61363  0.73471  0.10744
0.62246  0.73683  0.10925
0.63125  0.73895  0.11102
0.64001  0.74104  0.11282
0.64874  0.74315  0.11452
0.65745  0.74523  0.11636
0.66613  0.74731  0.11813
0.67479  0.74937  0.11986
0.68343  0.75144  0.12161
0.69205  0.75348  0.12338
0.70065  0.75552  0.12517
0.70923  0.75755  0.12691
0.71779  0.75957  0.12868
0.72633  0.76158  0.13048
0.73487  0.76359  0.13221
0.74338  0.76559  0.13396
0.75188  0.76756  0.13568
0.76037  0.76954  0.13747
0.76884  0.77151  0.13917
0.77731  0.77346  0.14097
0.78576  0.77541  0.14269
0.79420  0.77736  0.14444
0.80262  0.77928  0.14617
0.81105  0.78120  0.14791
0.81945  0.78311  0.14967
0.82786  0.78502  0.15138
0.83626  0.78691  0.15311
0.84465  0.78880  0.15486
0.85304  0.79066  0.15662
0.86141  0.79251  0.15835
0.86978  0.79434  0.16002
0.87814  0.79612  0.16178
0.88647  0.79786  0.16346
0.89477  0.79952  0.16507
0.90301  0.80106  0.16670
0.91115  0.80245  0.16819
0.91917  0.80364  0.16964
0.92701  0.80456  0.17090
0.93459  0.80514  0.17200
0.94185  0.80532  0.17289
0.94869  0.80504  0.17355
0.95506  0.80424  0.17392
0.96088  0.80289  0.17399
0.96609  0.80097  0.17375
0.97069  0.79850  0.17319
0.97465  0.79549  0.17234
0.97801  0.79201  0.17121
0.98082  0.78810  0.16986
0.98314  0.78384  0.16825
0.98504  0.77928  0.16652
0.98660  0.77450  0.16463
0.98789  0.76955  0.16265
0.98897  0.76449  0.16056
0.98990  0.75932  0.15848
0.99072  0.75411  0.15634
0.99146  0.74885  0.15414
0.99214  0.74356  0.15196
0.99279  0.73825  0.14981
0.99340  0.73293  0.14760
0.99398  0.72759  0.14543
0.99454  0.72224  0.14320
0.99509  0.71689  0.14103
0.99562  0.71152  0.13880
0.99613  0.70614  0.13659
0.99662  0.70075  0.13444
0.99710  0.69534  0.13223
0.99755  0.68993  0.13006
0.99800  0.68450  0.12783
0.99842  0.67906  0.12564
0.99883  0.67361  0.12340
0.99922  0.66815  0.12119
0.99959  0.66267  0.11904
0.99994  0.65717  0.11682
1.00000  0.65166  0.11458
1.00000  0.64613  0.11244
1.00000  0.64059  0.11024
1.00000  0.63503  0.10797
1.00000  0.62945  0.10580
1.00000  0.62386  0.10360
1.00000  0.61825  0.10135
1.00000  0.61261  0.09914
1.00000  0.60697  0.09688
1.00000  0.60130  0.09474
1.00000  0.59561  0.09246
1.00000  0.58989  0.09026
1.00000  0.58416  0.08803
1.00000  0.57840  0.08573
1.00000  0.57263  0.08354
1.00000  0.56682  0.08132
1.00000  0.56098  0.07900
1.00000  0.55513  0.07674
1.00000  0.54925  0.07453
1.00000  0.54333  0.07224
1.00000  0.53739  0.07000
1.00000  0.53141  0.06773
1.00000  0.52541  0.06542
1.00000  0.51937  0.06318
1.00000  0.51330  0.06081
1.00000  0.50718  0.05850
1.00000  0.50104  0.05623
1.00000  0.49486  0.05383
1.00000  0.48863  0.05149
1.00000  0.48236  0.04924
1.00000  0.47605  0.04683
1.00000  0.46969  0.04445
1.00000  0.46327  0.04209
1.00000  0.45681  0.03965
1.00000  0.45031  0.03726
1.00000  0.44374  0.03488
1.00000  0.43712  0.03250
1.00000  0.43043  0.03030
1.00000  0.42367  0.02818
1.00000  0.41686  0.02612
1.00000  0.40997  0.02413
1.00000  0.40299  0.02219
1.00000  0.39595  0.02032
1.00000  0.38882  0.01852
0.99994  0.38159  0.01677
0.99961  0.37428  0.01508
0.99927  0.36685  0.01346
0.99892  0.35932  0.01192
0.99855  0.35167  0.01017
0.99817  0.34390  0.00874
0.99778  0.33600  0.00735
0.99738  0.32796  0.00602
0.99696  0.31976  0.00474
0.99653  0.31138  0.00352
0.99609  0.30282  0.00236
0.99563  0.29407  0.00124
0.99517  0.28510  0.00019
0.99469  0.27591  0.00000
0.99420  0.26642  0.00000
0.99369  0.25664  0.00000
0.99318  0.24652  0.00000
0.99265  0.23605  0.00000
0.99211  0.22511  0.00000
0.99155  0.21370  0.00000
0.99099  0.20169  0.00000
0.99041  0.18903  0.00000
